"";"J1";"J2";"J3";"J4";"J5";"J6";"J7";"J8";"J9";"J10";"J11";"J12";"J13";"J14";"J15";"J16";"J17";"J18";"J19";"J20";"J21";"J22";"J23";"J24";"J25";"J26";"J27";"J28";"J29";"J30";"J31";"J32";"J33";"J34";"J35";"J36";"J37";"J38";"J39";"J40";"J41";"J42";"J43";"J44";"J45";"J46";"J47";"J48";"J49";"J50";"J51";"J52";"J53";"J54";"J55";"J56";"J57";"J58";"J59";"J60";"J61";"J62";"J63";"J64";"J65";"J66";"J67";"J68";"J69";"J70";"J71";"J72";"J73";"J74";"J75";"J76";"J77";"J78";"J79";"J80";"J81";"J82";"J83";"J84";"J85";"J86";"J87";"J88";"J89";"J90";"J91";"J92";"J93";"J94";"J95";"J96";"J97";"J98";"J99";"J100";"J101";"J102";"J103";"J104";"J105";"J106";"J107";"J108";"J109";"J110";"J111";"J112";"J113";"J114";"J115";"J116";"J117";"J118";"J119";"J120";"J121";"J122";"J123";"J124";"J125";"J126";"J127";"J128";"J129";"J130";"J131";"J132";"J133";"J134";"J135";"J136";"J137";"J138";"J139";"J140";"J141";"J142";"J143";"J144";"J145";"J146";"J147";"J148";"J149";"J150";"J151";"J152";"J153";"J154";"J155";"J156";"J157";"J158";"J159";"J160";"J161"
"AmorAmor";"<20ans 20.29ans joie liberte peur touslesjours imprevisible calme provocant introverti timide insouciant enfantin decontracte pointemode sexy frais vegetal fleuri agrume fruite rose fourmie";"<20ans amour peur nostalgie selonhumeur imprevisible provocant optimiste timide insouciant enfantin seducteur decontracte sportwear basique intense frais sucre vanille entetant epice bleu chat";"<20ans amour nostalgie touslesjours optimiste enfantin classique decontracte intense sucre vanille rouge chat";"20.29ans 30.39ans 40.49ans joie amour liberte selonhumeur mysterieux calme introverti decontracte frais vegetal fleuri agrume rouge chat";"<20ans amour liberte tristesse nostalgie attirance touslesjours calme doux decontracte frais fruite rose rouge dauphin";"<20ans amour liberte touslesjours fier timide insouciant enfantin classique decontracte frais fleuri rose lapin";"<20ans amour fier calme introverti timide enfantin doux classique basique frais sucre agrume bleu clair oiseau";"20.29ans amour attirance pour.occasion.speciale timide enfantin seducteur doux classique decontracte basique intense sucre entetant fruite animal rouge papillon";"<20ans amour attirance touslesjours imprevisible enfantin seducteur determine pointemode intense sucre fruite rouge chat";"<20ans amour attirance selonhumeur imprevisible provocant sauvage seducteur determine sexy intense vanille epice rouge panthere";"<20ans joie amour liberte attirance selonhumeur calme introverti timide enfantin doux basique frais fleuri blanc coccinelle";"<20ans amour attirance imprevisible insouciant enfantin seducteur sexy sucre vanille epice rouge chat";"<20ans amour liberte attirance touslesjours calme timide enfantin doux classique basique vegetal fleuri agrume bleu chat";"<20ans joie introverti enfantin seducteur classique frais sucre rose chaton";"<20ans joie amour attirance touslesjours imprevisible mysterieux timide enfantin raffine intense frais vanille epice rouge chat";"<20ans contrariete touslesjours insouciant enfantin classique frais vanille noir chat";"<20ans amour touslesjours introverti timide insouciant classique decontracte frais vegetal fleuri rouge souris";"<20ans 20.29ans joie amour liberte touslesjours imprevisible sauvage timide jaloux enfantin seducteur doux classique pointemode sexy frais vegetal fleuri fruite";"20.29ans amour attirance pour.occasion.speciale calme optimiste seducteur classique sucre entetant blanc colombe";"<20ans amour liberte nostalgie attirance touslesjours insouciant enfantin seducteur doux classique decontracte basique frais sucre vanille fruite rouge papillon";"<20ans amour touslesjours enfantin seducteur decontracte frais fleuri sucre rouge souris";"20.29ans amour attirance touslesjours imprevisible fier calme seducteur doux chic pointemode sexy frais fleuri sucre boise agrume fruite or dauphin";"<20ans joie nostalgie touslesjours introverti timide enfantin decontracte basique frais sucre vanille agrume fruite blanc chien";"<20ans amour attirance pour.occasion.speciale timide enfantin doux basique fleuri rose koala";"<20ans 20.29ans joie amour liberte nostalgie attirance pour.occasion.speciale selonhumeur mysterieux sauvage optimiste enfantin seducteur doux sexy raffine intense fleuri sucre boise epice fruite rouge chat";"<20ans 20.29ans amour selonhumeur calme doux classique sportwear basique intense fleuri vanille fruite";"20.29ans amour touslesjours doux chic decontracte frais rouge chat";"20.29ans joie amour selonhumeur insouciant classique vegetal fleuri rose oiseau";"<20ans joie surprise touslesjours calme timide enfantin doux basique frais fleuri sucre vanille bleu poussin";"<20ans amour attirance imprevisible insouciant enfantin seducteur sexy sucre vanille epice rouge chat";"<20ans joie amour liberte touslesjours calme introverti optimiste timide doux decontracte frais sucre vanille entetant agrume rouge renard";"20.29ans 30.39ans amour pour.occasion.speciale jaloux seducteur sexy raffine sucre entetant rouge lion";"<20ans amour liberte attirance touslesjours sauvage timide insouciant enfantin classique basique sucre boise fruite rose serpent";"<20ans 20.29ans amour liberte touslesjours imprevisible sauvage optimiste insouciant enfantin determine decontracte basique frais fleuri sucre epice fruite animal noir chat";"<20ans 20.29ans amour selonhumeur calme introverti timide enfantin doux classique basique frais vegetal fleuri rouge lapin";"<20ans 20.29ans amour liberte touslesjours calme timide insouciant doux decontracte basique frais vegetal vanille fruite rouge cerf";"<20ans amour selonhumeur calme timide insouciant doux decontracte basique fleuri sucre rouge chien";"<20ans amour attirance selonhumeur imprevisible provocant sauvage seducteur determine sexy intense vanille epice rouge panthere";"20.29ans 30.39ans amour attirance pour.occasion.speciale imprevisible provocant seducteur chic pointemode sexy intense sucre entetant epice animal rouge tigre";"20.29ans 30.39ans 40.49ans amour liberte attirance calme optimiste seducteur doux classique frais fleuri entetant noir chat";"<20ans amour liberte surprise touslesjours extraverti optimiste enfantin decontracte fleuri vanille fruite rose oiseau";"<20ans 20.29ans amour liberte surprise attirance pour.occasion.speciale imprevisible extraverti doux decontracte frais agrume noir oiseau";"20.29ans amour liberte touslesjours enfantin doux classique decontracte basique frais sucre fruite rouge chat";"<20ans joie amour touslesjours calme introverti enfantin doux basique frais sucre fruite blanc colombe";"<20ans amour attirance touslesjours calme enfantin doux classique basique sucre fruite rouge oiseau";"<20ans joie amour liberte attirance touslesjours enfantin seducteur determine doux classique sportwear frais vegetal sucre vanille rouge lapin";"<20ans amour liberte attirance touslesjours fier mysterieux provocant sauvage timide insouciant enfantin seducteur sportwear intense vegetal sucre epice marron lapin";"<20ans amour attirance selonhumeur extraverti provocant sauvage seducteur determine pointemode sexy intense fleuri sucre entetant fruite animal rouge oiseau";"<20ans amour liberte nostalgie touslesjours fier mysterieux calme optimiste enfantin decontracte basique raffine fleuri boise epice animal rouge renne";"20.29ans joie amour attirance touslesjours calme optimiste enfantin doux classique decontracte basique intense sucre vanille entetant rouge oiseau";"<20ans joie amour pour.occasion.speciale calme introverti timide basique vegetal sucre entetant orange mouton";"<20ans amour contrariete pour.occasion.speciale calme timide enfantin doux sportwear basique frais fleuri sucre vanille rose biche";"<20ans 20.29ans amour attirance touslesjours calme timide seducteur decontracte intense fleuri vanille fruite rouge coccinelle";"<20ans amour attirance touslesjours mysterieux seducteur doux classique intense sucre entetant rouge chat";"<20ans joie amour liberte touslesjours optimiste insouciant seducteur classique pointemode basique frais sucre fruite rose chat";"<20ans joie amour liberte touslesjours imprevisible extraverti calme optimiste seducteur raffine frais fleuri vanille agrume rouge chat";"<20ans joie amour attirance touslesjours calme optimiste seducteur doux sexy frais fleuri sucre vanille fruite rouge rose gazelle";"<20ans amour liberte pour.occasion.speciale imprevisible extraverti provocant sauvage insouciant seducteur determine pointemode fleuri vanille violet panthere";"20.29ans amour attirance selonhumeur imprevisible calme insouciant seducteur chic classique frais fleuri vanille fruite rose beige chat";"<20ans 20.29ans 30.39ans amour attirance touslesjours pour.occasion.speciale extraverti optimiste manipulateur seducteur sexy sucre vanille epice jaune guepard";"<20ans liberte surprise pour.occasion.speciale optimiste insouciant enfantin pointemode frais vanille rose chat";"20.29ans amour attirance touslesjours provocant seducteur doux classique basique fleuri sucre agrume fruite rouge chat";"<20ans amour attirance touslesjours enfantin doux sexy vegetal vanille fruite rouge oiseau";"<20ans 20.29ans joie amour attirance touslesjours calme optimiste seducteur doux chic decontracte sexy raffine intense frais vegetal vanille agrume bleu tigre";"<20ans amour pour.occasion.speciale timide classique vanille rose flamant";"<20ans amour attirance pour.occasion.speciale calme timide classique raffine fleuri sucre rouge coccinelle";"20.29ans amour selonhumeur extraverti provocant sauvage seducteur classique intense sucre animal rouge";"<20ans 20.29ans amour liberte attirance touslesjours selonhumeur imprevisible provocant sauvage seducteur determine classique extravagant sexy intense frais sucre epice animal pourpre lion";"<20ans 20.29ans amour liberte attirance touslesjours calme timide enfantin basique sucre boise fruite violet fonce cerf";"20.29ans amour attirance touslesjours mysterieux calme introverti optimiste timide seducteur decontracte basique vegetal fleuri sucre entetant rose aigle";"20.29ans joie amour attirance touslesjours mysterieux calme seducteur pointemode sexy raffine frais sucre agrume fruite rose bambi";"20.29ans amour attirance pour.occasion.speciale mysterieux calme sauvage seducteur pointemode sexy intense sucre entetant fruite rose colombe";"20.29ans amour liberte pour.occasion.speciale mysterieux timide doux sexy intense fleuri rouge lapin";"20.29ans attirance provocant seducteur chic sexy intense sucre fruite rouge tigre";"joie amour liberte selonhumeur calme optimiste timide enfantin doux basique sucre rouge oiseau";"<20ans amour surprise pour.occasion.speciale imprevisible extraverti mysterieux provocant sauvage chic classique decontracte pointemode sexy frais rose dauphin";"<20ans 20.29ans amour touslesjours calme timide doux classique basique frais fleuri sucre fruite blanc colombe";"<20ans 20.29ans amour attirance touslesjours calme introverti enfantin seducteur doux decontracte basique frais fruite jaune chat";"<20ans 20.29ans joie amour attirance touslesjours pour.occasion.speciale sauvage timide insouciant doux decontracte basique fleuri sucre vanille fruite rouge oiseau";"<20ans amour liberte touslesjours fier mysterieux classique frais fleuri rouge oiseau";"<20ans 20.29ans joie amour liberte attirance touslesjours mysterieux calme optimiste timide seducteur doux chic raffine frais vegetal fleuri fruite rose colombe";"amour liberte attirance pour.occasion.speciale selonhumeur imprevisible timide enfantin doux classique decontracte sexy frais vegetal fleuri sucre fruite rouge";"20.29ans amour attirance touslesjours mysterieux jaloux seducteur pointemode sexy intense sucre vanille fruite animal rouge chat";"<20ans 20.29ans joie amour liberte attirance selonhumeur imprevisible introverti enfantin doux chic sucre vanille rose violet chat";"<20ans 20.29ans joie amour liberte nostalgie touslesjours imprevisible mysterieux optimiste timide enfantin doux decontracte basique frais vegetal fleuri sucre vanille fruite rose biche";"<20ans joie amour peur touslesjours calme introverti enfantin seducteur classique sportwear basique sucre vanille entetant fruite gris cerf";"<20ans amour nostalgie touslesjours optimiste doux decontracte fleuri sucre vanille rouge papillon";"<20ans amour attirance touslesjours calme optimiste enfantin decontracte sportwear sucre vanille animal rouge oiseau";"<20ans amour liberte touslesjours extraverti mysterieux enfantin classique sportwear basique frais sucre vanille rouge coccinelle";"<20ans 20.29ans amour liberte pour.occasion.speciale imprevisible mysterieux insouciant enfantin decontracte extravagant basique frais fleuri boise vanille vert oiseau";"40.49ans 50.59ans attirance provocant sauvage seducteur classique pointemode intense entetant animal rouge cougar";"<20ans 20.29ans amour attirance touslesjours calme optimiste seducteur determine doux chic sexy basique intense frais fleuri sucre boise vanille fruite rose pigeon";"20.29ans 30.39ans 40.49ans 50.59ans >60ans surprise contrariete touslesjours introverti optimiste manipulateur insouciant seducteur classique basique frais vegetal fleuri sucre boise vanille agrume bleu chien";"<20ans amour pour.occasion.speciale provocant sauvage insouciant basique intense entetant epice animal bleu lapin";"20.29ans optimiste seducteur doux chic intense frais fleuri sucre vanille fruite violet panthere";"<20ans 20.29ans 30.39ans 40.49ans 50.59ans amour surprise attirance pour.occasion.speciale fier mysterieux calme sauvage seducteur determine doux chic sexy raffine intense frais epice rouge panthere";"20.29ans 30.39ans amour attirance pour.occasion.speciale mysterieux provocant seducteur chic classique vegetal fleuri boise vanille epice rouge felin chat";"<20ans joie amour liberte surprise selonhumeur fier optimiste enfantin decontracte frais fleuri sucre vanille agrume fruite jaune chien";"30.39ans amour liberte nostalgie attirance pour.occasion.speciale mysterieux provocant introverti insouciant determine doux intense vegetal fleuri entetant animal rouge";"<20ans contrariete attirance selonhumeur imprevisible provocant enfantin seducteur classique pointemode fleuri sucre fruite bleu dauphin";"<20ans liberte attirance touslesjours provocant sauvage sexy intense boise fruite bleu hirondelle";"<20ans degout nostalgie touslesjours insouciant enfantin decontracte basique intense sucre vanille entetant agrume fruite rouge cerf";"<20ans amour attirance pour.occasion.speciale calme jaloux doux frais fleuri vanille rouge gazelle";"<20ans amour liberte attirance touslesjours calme insouciant seducteur doux basique intense sucre agrume fruite rouge oiseau";"<20ans joie liberte touslesjours enfantin doux decontracte sportwear fleuri vanille agrume fruite rouge chat";"<20ans 20.29ans joie amour touslesjours timide enfantin doux decontracte frais sucre vanille fruite violet papillon";"<20ans 20.29ans amour pour.occasion.speciale optimiste insouciant classique intense vanille agrume rouge fourmie";"<20ans joie amour touslesjours pour.occasion.speciale calme seducteur determine doux classique frais fleuri entetant rouge colombe";"<20ans amour liberte pour.occasion.speciale introverti timide insouciant enfantin decontracte frais fleuri fruite rouge lapin";"<20ans 20.29ans joie amour liberte selonhumeur imprevisible extraverti enfantin decontracte extravagant frais vegetal fleuri sucre fruite rouge oiseau";"<20ans joie amour attirance touslesjours provocant sauvage manipulateur insouciant determine pointemode intense sucre animal rouge ours";"20.29ans joie amour pour.occasion.speciale extraverti insouciant seducteur basique frais sucre vanille rouge oiseau";"20.29ans amour attirance insouciant enfantin seducteur doux decontracte sexy frais sucre fruite rouge lapin";"20.29ans amour liberte attirance touslesjours optimiste insouciant seducteur classique pointemode frais fleuri vanille rose chat";"<20ans joie amour liberte pour.occasion.speciale imprevisible optimiste enfantin extravagant sportwear intense sucre vanille fruite rose lapin";"<20ans 20.29ans 30.39ans amour pour.occasion.speciale seducteur doux sexy frais fleuri sucre fruite rose gris cygne";"<20ans 20.29ans touslesjours mysterieux calme introverti timide insouciant enfantin doux classique basique frais fleuri sucre vanille agrume fruite blanc lapin";"<20ans amour liberte touslesjours imprevisible mysterieux calme timide enfantin doux pointemode basique raffine frais sucre fruite rose flamant rose";"<20ans 20.29ans amour nostalgie touslesjours calme introverti sauvage timide doux decontracte extravagant basique raffine frais vegetal fleuri sucre boise agrume fruite rouge cerf";"<20ans 20.29ans joie amour liberte surprise touslesjours imprevisible provocant introverti optimiste timide insouciant seducteur decontracte pointemode frais fleuri sucre vanille fruite blanc chat";"<20ans 20.29ans amour attirance pour.occasion.speciale provocant sauvage optimiste jaloux manipulateur seducteur determine sexy raffine fleuri sucre vanille entetant fruite rouge panthere";"<20ans joie amour liberte attirance touslesjours imprevisible provocant optimiste classique pointemode intense epice rouge paon";"20.29ans amour attirance touslesjours imprevisible extraverti mysterieux provocant sauvage jaloux manipulateur seducteur determine extravagant sexy intense sucre entetant epice fruite animal rouge renard";"<20ans 20.29ans joie amour attirance touslesjours pour.occasion.speciale sauvage timide insouciant doux decontracte basique fleuri sucre vanille fruite rouge oiseau";"<20ans amour liberte attirance touslesjours rouge biche";"20.29ans amour attirance touslesjours mysterieux provocant seducteur doux chic pointemode sexy raffine frais fleuri sucre vanille agrume fruite rose chat";"<20ans joie amour tristesse attirance pour.occasion.speciale mysterieux calme sauvage optimiste timide jaloux determine chic classique decontracte basique frais fleuri sucre epice fruite vert cerf";"<20ans amour liberte nostalgie pour.occasion.speciale insouciant enfantin seducteur classique decontracte frais epice agrume rouge oiseau";"<20ans joie amour liberte touslesjours mysterieux calme introverti insouciant enfantin decontracte basique frais vegetal sucre fruite blanc chat";"<20ans joie amour liberte pour.occasion.speciale optimiste insouciant enfantin seducteur decontracte basique frais fleuri sucre fruite jaune lapin";"20.29ans amour pour.occasion.speciale seducteur doux sexy intense frais fleuri sucre fruite animal rouge tigre";"<20ans amour touslesjours enfantin seducteur decontracte frais fleuri sucre rouge souris";"<20ans 20.29ans amour liberte attirance touslesjours imprevisible seducteur determine classique intense entetant rouge lionne";"<20ans 20.29ans amour liberte selonhumeur introverti timide enfantin doux decontracte sportwear frais vegetal fruite rose biche";"20.29ans amour attirance touslesjours imprevisible extraverti provocant seducteur classique sexy intense frais fleuri vanille bleu gazelle biche";"<20ans joie amour liberte attirance touslesjours imprevisible mysterieux introverti timide insouciant enfantin sportwear basique frais fleuri sucre vanille fruite rose chat";"20.29ans 30.39ans amour surprise touslesjours mysterieux calme manipulateur seducteur doux classique pointemode basique raffine frais vegetal fleuri sucre rouge papillon";"<20ans 20.29ans amour liberte touslesjours fier optimiste classique raffine frais fleuri sucre agrume fruite rouge coccinelle";"20.29ans amour attirance touslesjours provocant sauvage seducteur sexy sucre vanille entetant animal rouge aigle";"<20ans 20.29ans amour liberte pour.occasion.speciale imprevisible mysterieux insouciant enfantin decontracte extravagant basique frais fleuri boise vanille vert oiseau";"<20ans 20.29ans joie amour attirance touslesjours mysterieux calme timide enfantin seducteur determine doux classique raffine sucre boise vanille entetant fruite rose chat";"<20ans joie amour touslesjours pour.occasion.speciale calme seducteur determine doux classique frais fleuri entetant rouge colombe";"20.29ans amour attirance touslesjours calme introverti timide doux classique raffine sucre entetant animal rouge lapin";"<20ans 20.29ans amour attirance pour.occasion.speciale calme provocant jaloux seducteur doux classique sexy basique frais vegetal fleuri sucre vanille fruite rouge tigre";"<20ans amour attirance pour.occasion.speciale mysterieux timide enfantin seducteur doux classique decontracte intense frais fleuri animal rouge tigre";"<20ans joie amour liberte surprise selonhumeur imprevisible calme optimiste timide enfantin doux decontracte basique frais agrume fruite bleu vert oiseau";"<20ans amour touslesjours selonhumeur calme timide enfantin doux classique raffine intense sucre vanille entetant rouge serpent";"<20ans joie amour liberte surprise touslesjours fier extraverti optimiste enfantin seducteur classique frais vegetal fleuri sucre vanille fruite rouge lapin";"<20ans 20.29ans amour attirance touslesjours imprevisible fier mysterieux provocant sauvage manipulateur seducteur determine sexy intense boise epice animal rouge serpent";"<20ans amour nostalgie touslesjours provocant seducteur decontracte basique intense sucre vanille animal rouge herisson";"<20ans 20.29ans amour liberte touslesjours extraverti insouciant determine classique extravagant pointemode intense boise entetant epice noir panthere";"<20ans 20.29ans 30.39ans touslesjours mysterieux calme sauvage optimiste determine doux classique decontracte sportwear basique frais vegetal boise epice animal vert cheval";"<20ans 20.29ans amour attirance timide doux classique pointemode fleuri sucre entetant rouge colombe";"<20ans joie amour liberte touslesjours mysterieux timide enfantin seducteur doux decontracte frais fleuri sucre agrume fruite rouge";"30.39ans joie amour liberte surprise nostalgie attirance touslesjours imprevisible fier extraverti calme provocant seducteur doux chic classique decontracte extravagant sexy intense frais vegetal fleuri sucre rouge lapin";"<20ans 20.29ans joie amour attirance touslesjours mysterieux calme classique basique sucre vanille entetant rouge";"<20ans amour pour.occasion.speciale calme timide doux classique intense frais vegetal fleuri sucre vanille entetant agrume fruite rouge chat";"<20ans amour selonhumeur doux basique frais rouge pigeon";"<20ans 20.29ans amour nostalgie touslesjours calme introverti timide doux decontracte sportwear basique intense sucre vanille epice animal noir biche";"<20ans liberte attirance pour.occasion.speciale fier extraverti provocant manipulateur determine chic extravagant pointemode intense sucre rose girafe";"20.29ans nostalgie attirance selonhumeur calme jaloux insouciant doux classique extravagant basique frais sucre entetant animal bleu oiseau"
"Angel";"<20ans 20.29ans joie liberte peur touslesjours imprevisible calme provocant introverti timide insouciant enfantin decontracte pointemode sexy frais vegetal fleuri agrume fruite rose fourmie";"<20ans contrariete degout pour.occasion.speciale provocant sauvage manipulateur seducteur extravagant sexy sucre entetant epice animal noir ours";"20.29ans amour liberte touslesjours extraverti provocant seducteur sexy boise entetant epice animal bordeaux";"<20ans pour.occasion.speciale imprevisible extraverti provocant enfantin extravagant intense sucre vanille entetant fruite bleu paon";"<20ans 20.29ans 30.39ans joie amour liberte surprise nostalgie attirance touslesjours calme sauvage optimiste insouciant determine doux classique decontracte sportwear raffine intense frais vegetal fleuri boise animal vert lion";"20.29ans liberte degout selonhumeur fier extraverti provocant sauvage jaloux seducteur decontracte extravagant sexy intense boise entetant agrume fruite violet mante-religieuse";"<20ans liberte surprise touslesjours imprevisible fier extraverti provocant extravagant sexy intense sucre entetant rouge serpent";"30.39ans 40.49ans tristesse attirance touslesjours extraverti calme sauvage manipulateur chic extravagant intense frais sucre entetant fruite jaune aigle";"30.39ans amour attirance touslesjours imprevisible provocant manipulateur seducteur determine chic raffine intense sucre vanille entetant rose panthere";"20.29ans 30.39ans liberte touslesjours sauvage optimiste manipulateur seducteur determine chic sexy intense frais vanille agrume fruite vert tigre";"<20ans surprise attirance touslesjours imprevisible fier extraverti provocant jaloux insouciant decontracte sportwear intense fleuri vanille entetant animal violet chat";"30.39ans liberte attirance pour.occasion.speciale fier provocant jaloux enfantin decontracte sportwear raffine fleuri vanille rouge tigre";"30.39ans 40.49ans amour liberte attirance pour.occasion.speciale selonhumeur imprevisible extraverti provocant sauvage seducteur extravagant sexy raffine intense sucre fruite animal";"20.29ans peur attirance pour.occasion.speciale fier mysterieux sauvage manipulateur determine chic extravagant pointemode frais sucre entetant agrume dore lionne";"20.29ans 30.39ans 40.49ans joie liberte touslesjours optimiste doux frais sucre vanille epice bleu colombe";"20.29ans attirance touslesjours fier extraverti insouciant chic raffine vegetal fleuri sucre bleu aigle";"30.39ans degout peur touslesjours extraverti provocant jaloux manipulateur seducteur determine chic classique basique entetant epice animal bleu extraterrestre";"30.39ans 40.49ans joie amour liberte attirance pour.occasion.speciale imprevisible mysterieux provocant sauvage manipulateur seducteur determine chic extravagant raffine intense boise entetant epice animal bleu tigresse panthere";"20.29ans joie surprise pour.occasion.speciale fier extraverti seducteur pointemode sexy intense vanille fruite bleu tigresse";"20.29ans 30.39ans 40.49ans degout pour.occasion.speciale imprevisible extraverti provocant manipulateur seducteur determine chic pointemode sexy intense boise entetant animal jaune tigre";"20.29ans joie surprise pour.occasion.speciale imprevisible extraverti extravagant intense frais vanille animal orange chien";"20.29ans liberte contrariete touslesjours fier calme optimiste doux decontracte pointemode intense vegetal epice agrume bleu cheval";"30.39ans 40.49ans liberte attirance selonhumeur fier extraverti sauvage jaloux seducteur sexy raffine intense boise entetant epice animal orange tigre";"<20ans joie liberte selonhumeur imprevisible extraverti insouciant decontracte extravagant sucre entetant rose paon";"30.39ans 40.49ans liberte attirance touslesjours fier extraverti provocant determine classique intense frais bleu loup";"20.29ans joie amour surprise attirance touslesjours pour.occasion.speciale mysterieux calme optimiste timide jaloux doux chic decontracte extravagant raffine intense frais vegetal boise vanille fruite";"30.39ans liberte pour.occasion.speciale provocant optimiste jaloux pointemode boise or lion";"30.39ans surprise attirance touslesjours extraverti sauvage sexy intense epice neon canard";"<20ans joie surprise touslesjours calme timide enfantin doux basique frais fleuri sucre vanille bleu poussin";"30.39ans liberte attirance pour.occasion.speciale fier provocant jaloux enfantin decontracte sportwear raffine fleuri vanille rouge tigre";"20.29ans surprise degout pour.occasion.speciale imprevisible fier extraverti provocant manipulateur seducteur pointemode intense entetant epice agrume animal orange lion";"30.39ans 40.49ans surprise contrariete pour.occasion.speciale fier mysterieux determine chic extravagant intense boise entetant agrume jaune leopard";"30.39ans liberte touslesjours imprevisible fier provocant seducteur chic pointemode raffine intense entetant bleu nuit panthere";"20.29ans 30.39ans 40.49ans 50.59ans >60ans joie liberte attirance touslesjours fier extraverti provocant sauvage manipulateur seducteur determine extravagant sexy intense fleuri sucre boise vanille entetant epice animal argent lion";"20.29ans 30.39ans liberte surprise attirance pour.occasion.speciale imprevisible fier extraverti provocant sauvage seducteur sexy frais boise vanille bleu hamster";"20.29ans liberte attirance selonhumeur extraverti provocant seducteur pointemode sexy intense entetant epice animal bleu panthere";"20.29ans joie selonhumeur imprevisible fier extraverti seducteur determine raffine sucre entetant epice bleu dauphin";"20.29ans 30.39ans liberte touslesjours sauvage optimiste manipulateur seducteur determine chic sexy intense frais vanille agrume fruite vert tigre";"20.29ans amour attirance pour.occasion.speciale fier mysterieux provocant manipulateur seducteur determine chic extravagant sexy raffine intense boise entetant fruite animal dore licorne";"<20ans 20.29ans joie amour surprise attirance touslesjours extraverti provocant optimiste jaloux manipulateur insouciant determine decontracte pointemode sexy frais fleuri entetant agrume bleu";"30.39ans joie surprise selonhumeur imprevisible fier insouciant extravagant frais fleuri sucre orange lapin";"30.39ans 40.49ans surprise attirance selonhumeur provocant seducteur determine sexy raffine intense sucre epice beige panthere";"30.39ans liberte surprise nostalgie pour.occasion.speciale imprevisible mysterieux insouciant enfantin extravagant intense entetant vert imaginaire";"20.29ans joie liberte attirance touslesjours extraverti provocant sauvage insouciant seducteur chic intense entetant epice bleu cheval";"20.29ans liberte attirance touslesjours extraverti seducteur determine decontracte intense animal bleu nuit tigresse";"<20ans liberte touslesjours extraverti timide decontracte basique intense sucre entetant epice agrume bleu oiseau";"20.29ans liberte attirance touslesjours imprevisible fier extraverti provocant sauvage manipulateur determine pointemode intense frais boise entetant agrume bleu dauphin";"<20ans 20.29ans attirance touslesjours extraverti mysterieux seducteur determine classique pointemode frais vegetal animal bleu ours blanc";"30.39ans liberte attirance pour.occasion.speciale mysterieux provocant manipulateur seducteur extravagant fleuri vanille bleu chat";"30.39ans 40.49ans surprise attirance pour.occasion.speciale imprevisible fier extraverti provocant manipulateur seducteur determine chic sexy intense sucre boise entetant epice animal blanc crocodile";"20.29ans contrariete peur selonhumeur mysterieux introverti enfantin sportwear intense vegetal entetant bleu poule";"20.29ans degout touslesjours extraverti provocant manipulateur extravagant intense sucre epice bleu panthere";"20.29ans liberte touslesjours imprevisible provocant manipulateur determine chic pointemode intense entetant animal bleu lion";"20.29ans surprise attirance touslesjours imprevisible mysterieux determine chic pointemode frais sucre bleu panthere";"30.39ans liberte pour.occasion.speciale imprevisible provocant sauvage manipulateur seducteur pointemode sexy sucre animal bleu tigresse";"20.29ans 30.39ans joie liberte pour.occasion.speciale selonhumeur fier provocant manipulateur seducteur determine chic sexy intense sucre entetant epice bleu renard";"<20ans 20.29ans joie touslesjours fier extraverti provocant classique extravagant intense frais vegetal vanille entetant bleu araignee";"<20ans liberte pour.occasion.speciale provocant sauvage insouciant classique sexy fleuri fruite bleu chat";"20.29ans 30.39ans joie attirance selonhumeur imprevisible fier mysterieux seducteur determine chic sexy raffine intense fleuri sucre entetant orange panthere";"<20ans 20.29ans 30.39ans amour attirance touslesjours pour.occasion.speciale extraverti optimiste manipulateur seducteur sexy sucre vanille epice jaune guepard";"20.29ans liberte pour.occasion.speciale fier extraverti pointemode sexy intense vanille jaune chien";"20.29ans attirance pour.occasion.speciale provocant manipulateur seducteur determine sexy intense noir panthere";"<20ans 20.29ans 30.39ans 40.49ans amour liberte attirance touslesjours imprevisible fier seducteur determine chic sexy intense frais vegetal fleuri argent lion";"<20ans liberte nostalgie touslesjours introverti timide enfantin classique sportwear vegetal animal marron cerf";"20.29ans 30.39ans joie liberte surprise selonhumeur imprevisible sauvage seducteur sexy raffine boise epice marron bison";"30.39ans 40.49ans attirance touslesjours imprevisible manipulateur seducteur determine pointemode sexy intense entetant blanccre gazelle";"<20ans 20.29ans joie liberte attirance touslesjours fier seducteur determine decontracte pointemode raffine intense argente jaguar";"20.29ans 30.39ans 40.49ans amour liberte attirance touslesjours selonhumeur mysterieux introverti optimiste seducteur doux chic decontracte pointemode sexy raffine frais vegetal fleuri sucre entetant fruite or coquille saint jacques";"20.29ans 30.39ans liberte attirance pour.occasion.speciale imprevisible fier provocant manipulateur seducteur pointemode sexy intense entetant animal rouge tigre";"20.29ans joie liberte imprevisible extraverti provocant sauvage jaloux manipulateur insouciant classique decontracte sportwear intense frais entetant epice animal fouine";"<20ans 20.29ans joie liberte surprise touslesjours calme timide enfantin doux decontracte sportwear basique vegetal sucre vanille epice violet lapin";"20.29ans liberte attirance touslesjours fier extraverti provocant sauvage chic sexy intense sucre epice animal blanc chat";"30.39ans liberte attirance touslesjours mysterieux jaloux decontracte sexy intense fruite bleu tigre";"<20ans 20.29ans joie liberte surprise touslesjours sauvage optimiste determine classique sexy frais fleuri fruite bleu dauphin";"30.39ans joie attirance touslesjours imprevisible provocant manipulateur seducteur chic extravagant intense jaune chat";"30.39ans joie touslesjours mysterieux provocant seducteur chic raffine intense bleu panda";"20.29ans 30.39ans pour.occasion.speciale fier provocant manipulateur seducteur chic decontracte pointemode sexy raffine frais fleuri vanille epice bleu poisson";"<20ans attirance pour.occasion.speciale fier extraverti provocant sauvage seducteur extravagant intense fleuri entetant animal rouge guepard";"30.39ans 40.49ans liberte surprise attirance touslesjours imprevisible fier extraverti mysterieux provocant seducteur determine chic pointemode sexy intense frais fleuri blanc cygne";"20.29ans liberte touslesjours extraverti extravagant entetant bleu orque";"30.39ans joie liberte surprise touslesjours imprevisible extraverti optimiste chic pointemode raffine frais vegetal fleuri sucre fruite orange dauphin";"20.29ans 30.39ans liberte surprise attirance touslesjours imprevisible fier extraverti provocant sauvage optimiste jaloux manipulateur insouciant determine chic extravagant pointemode intense entetant epice fruite animal or pie";"<20ans joie liberte touslesjours optimiste insouciant enfantin seducteur classique decontracte basique frais sucre vanille fruite gris chien";"<20ans 20.29ans joie amour liberte attirance selonhumeur imprevisible introverti enfantin doux chic sucre vanille rose violet chat";"20.29ans 30.39ans 40.49ans joie amour attirance touslesjours mysterieux calme timide seducteur doux chic pointemode raffine frais vegetal fleuri boise vanille vert chat";"<20ans amour liberte surprise touslesjours mysterieux provocant sauvage manipulateur determine classique sexy frais vegetal sucre fruite bleu";"20.29ans surprise attirance touslesjours imprevisible extraverti manipulateur determine pointemode sexy intense epice agrume bleu lionne";"30.39ans attirance pour.occasion.speciale fier provocant manipulateur seducteur chic sexy raffine sucre vanille epice animal or jaguar";"<20ans 20.29ans 30.39ans amour touslesjours provocant sauvage seducteur chic sexy intense boise vanille entetant epice violet vache";"30.39ans 40.49ans 50.59ans amour attirance pour.occasion.speciale fier extraverti provocant sauvage manipulateur seducteur chic extravagant sexy raffine intense sucre boise vanille entetant animal jaune lion";"40.49ans 50.59ans attirance provocant sauvage seducteur classique pointemode intense entetant animal rouge cougar";"20.29ans 30.39ans liberte surprise attirance pour.occasion.speciale imprevisible fier extraverti optimiste manipulateur seducteur determine pointemode sexy raffine intense fleuri sucre boise vanille epice or jaune phoenix";"20.29ans 30.39ans 40.49ans 50.59ans >60ans surprise contrariete touslesjours introverti optimiste manipulateur insouciant seducteur classique basique frais vegetal fleuri sucre boise vanille agrume bleu chien";"30.39ans attirance pour.occasion.speciale manipulateur seducteur determine decontracte sexy intense entetant rouge lion";"20.29ans joie liberte attirance touslesjours fier provocant manipulateur chic sexy intense entetant fruite bleu lion";"<20ans 20.29ans 30.39ans 40.49ans 50.59ans amour surprise attirance pour.occasion.speciale fier mysterieux calme sauvage seducteur determine doux chic sexy raffine intense frais epice rouge panthere";"20.29ans 30.39ans joie amour liberte surprise attirance touslesjours imprevisible sauvage optimiste seducteur chic sexy frais vegetal fleuri sucre vanille bleu aigle";"20.29ans joie liberte attirance touslesjours extraverti provocant sauvage seducteur pointemode intense boise vanille animal bleu dauphin";"50.59ans liberte surprise peur attirance pour.occasion.speciale imprevisible fier extraverti provocant sauvage manipulateur insouciant seducteur determine sexy intense fleuri boise entetant epice animal jaune";"<20ans contrariete attirance selonhumeur imprevisible provocant enfantin seducteur classique pointemode fleuri sucre fruite bleu dauphin";"<20ans liberte attirance touslesjours provocant sauvage sexy intense boise fruite bleu hirondelle";"30.39ans pour.occasion.speciale mysterieux manipulateur seducteur raffine vanille entetant bleu loup";"20.29ans amour liberte attirance touslesjours imprevisible fier extraverti provocant sauvage manipulateur seducteur extravagant pointemode sexy intense sucre boise animal bleu tigre";"30.39ans joie liberte surprise selonhumeur imprevisible extraverti provocant sauvage seducteur sexy intense sucre boise entetant fruite noir jument";"20.29ans liberte surprise selonhumeur extraverti mysterieux insouciant chic basique intense boise vanille animal noir tigre";"30.39ans 40.49ans amour liberte attirance pour.occasion.speciale fier mysterieux seducteur chic sexy raffine intense boise vanille entetant epice rouge felin panthere";"30.39ans 40.49ans contrariete nostalgie touslesjours fier mysterieux calme introverti jaloux seducteur determine classique pointemode raffine frais vegetal boise vanille jaune pie";"30.39ans joie liberte touslesjours imprevisible extraverti provocant optimiste seducteur extravagant sexy intense sucre agrume fruite noir loup";"30.39ans 40.49ans liberte attirance pour.occasion.speciale extraverti provocant sauvage manipulateur seducteur determine pointemode sexy intense vegetal sucre vanille agrume fruite rouge cougar";"<20ans surprise degout pour.occasion.speciale imprevisible provocant extravagant frais bleu poisson";"20.29ans joie surprise attirance touslesjours fier extraverti sauvage insouciant chic intense epice animal bleu lapin";"30.39ans joie liberte attirance pour.occasion.speciale imprevisible fier extraverti sauvage chic sexy raffine intense fleuri sucre entetant noir panthere";"<20ans liberte selonhumeur provocant insouciant seducteur extravagant intense vanille bleu oiseau";"30.39ans 40.49ans amour liberte attirance touslesjours fier extraverti seducteur pointemode intense fleuri rouge panthere";"<20ans joie amour liberte pour.occasion.speciale imprevisible optimiste enfantin extravagant sportwear intense sucre vanille fruite rose lapin";"<20ans 20.29ans liberte touslesjours imprevisible fier insouciant enfantin pointemode sportwear intense frais epice fruite animal bleu rouge noir ecureuil";"20.29ans 30.39ans amour degout touslesjours provocant manipulateur seducteur determine chic sexy frais fleuri fruite rouge lion";"20.29ans 30.39ans liberte contrariete attirance selonhumeur fier calme provocant manipulateur seducteur doux extravagant intense frais sucre vanille epice fruite rouge cheval";"20.29ans attirance pour.occasion.speciale imprevisible provocant seducteur decontracte pointemode sexy intense sucre vanille fruite bleu dauphin";"<20ans 20.29ans joie amour liberte surprise touslesjours imprevisible provocant introverti optimiste timide insouciant seducteur decontracte pointemode frais fleuri sucre vanille fruite blanc chat";"<20ans joie liberte nostalgie touslesjours provocant optimiste insouciant seducteur determine doux pointemode sexy intense fleuri sucre vanille entetant fruite noir cheval";"<20ans joie amour liberte attirance touslesjours imprevisible provocant optimiste classique pointemode intense epice rouge paon";"20.29ans 30.39ans 40.49ans liberte surprise selonhumeur fier optimiste seducteur determine classique basique intense entetant fruite animal bleu oiseau";"30.39ans 40.49ans liberte surprise attirance touslesjours imprevisible fier extraverti mysterieux provocant seducteur determine chic pointemode sexy intense frais fleuri blanc cygne";"<20ans 20.29ans attirance touslesjours imprevisible extraverti provocant sauvage seducteur decontracte sexy fleuri sucre animal noir panthere";"20.29ans amour attirance touslesjours mysterieux provocant seducteur doux chic pointemode sexy raffine frais fleuri sucre vanille agrume fruite rose chat";"30.39ans liberte attirance touslesjours fier extraverti provocant manipulateur seducteur determine chic extravagant pointemode sexy intense vegetal fleuri boise entetant agrume jaune tigre";"20.29ans 30.39ans 40.49ans attirance pour.occasion.speciale imprevisible fier provocant determine chic classique sexy intense boise entetant agrume dore dauphin";"20.29ans joie liberte pour.occasion.speciale imprevisible fier extraverti provocant sauvage extravagant pointemode sexy intense boise fruite animal gris argente chouette";"<20ans joie amour liberte pour.occasion.speciale optimiste insouciant enfantin seducteur decontracte basique frais fleuri sucre fruite jaune lapin";"20.29ans attirance pour.occasion.speciale mysterieux provocant seducteur chic sexy intense fleuri sucre entetant fruite animal rouge tigre";"20.29ans joie surprise pour.occasion.speciale imprevisible extraverti extravagant intense frais vanille animal orange chien";"<20ans 20.29ans amour liberte attirance touslesjours imprevisible seducteur determine classique intense entetant rouge lionne";"30.39ans 40.49ans amour liberte attirance touslesjours imprevisible fier provocant seducteur determine chic extravagant pointemode intense entetant epice or argent jaguar";"20.29ans amour attirance touslesjours imprevisible extraverti provocant seducteur classique sexy intense frais fleuri vanille bleu gazelle biche";"20.29ans 30.39ans 40.49ans joie liberte surprise selonhumeur imprevisible extraverti provocant sauvage manipulateur enfantin seducteur determine decontracte extravagant sportwear sexy basique intense sucre vanille entetant fruite animal bleu electrique tigre";"<20ans 20.29ans joie liberte touslesjours imprevisible optimiste insouciant enfantin seducteur doux extravagant sexy basique intense frais sucre entetant mauve biche";"<20ans 20.29ans 30.39ans 40.49ans joie liberte attirance pour.occasion.speciale extraverti provocant seducteur sexy intense vanille epice noir chauve-souris";"20.29ans liberte attirance pour.occasion.speciale imprevisible extraverti provocant sauvage manipulateur seducteur extravagant pointemode sexy intense frais sucre entetant bleu chien";"30.39ans 40.49ans 50.59ans amour attirance pour.occasion.speciale fier extraverti provocant sauvage manipulateur seducteur chic extravagant sexy raffine intense sucre boise vanille entetant animal jaune lion";"20.29ans 30.39ans liberte selonhumeur imprevisible fier sauvage determine chic sexy intense boise vanille entetant epice animal or tigre";"30.39ans joie liberte touslesjours imprevisible extraverti provocant optimiste seducteur extravagant sexy intense sucre agrume fruite noir loup";"<20ans 20.29ans 40.49ans liberte selonhumeur imprevisible mysterieux provocant determine chic extravagant frais vegetal sucre agrume bleu guepard";"20.29ans amour liberte surprise attirance touslesjours imprevisible extraverti provocant seducteur chic pointemode sexy intense frais sucre epice animal violet panthere";"30.39ans liberte attirance touslesjours provocant sauvage seducteur determine chic intense epice jaune lion";"30.39ans amour attirance pour.occasion.speciale fier determine extravagant pointemode intense boise epice animal violet lion";"20.29ans 30.39ans amour liberte attirance pour.occasion.speciale imprevisible fier provocant sauvage manipulateur seducteur determine chic sexy intense boise entetant animal bleu dore guepard panthere";"20.29ans amour liberte surprise attirance pour.occasion.speciale fier extraverti provocant optimiste manipulateur seducteur determine chic extravagant raffine intense fleuri entetant fruite animal or panthere";"30.39ans 40.49ans 50.59ans joie liberte surprise pour.occasion.speciale imprevisible extraverti provocant seducteur extravagant sexy frais vanille fruite argent cygne";"20.29ans surprise degout pour.occasion.speciale imprevisible provocant manipulateur determine extravagant animal argent ours";"20.29ans 30.39ans liberte attirance pour.occasion.speciale manipulateur seducteur sexy intense frais fleuri fruite jaune lionne";"20.29ans 30.39ans 40.49ans 50.59ans >60ans pour.occasion.speciale fier mysterieux calme manipulateur determine chic raffine intense frais fleuri epice agrume bleu perroquet";"<20ans joie liberte selonhumeur extraverti insouciant enfantin extravagant sexy fleuri sucre entetant rose dauphin";"30.39ans 40.49ans surprise pour.occasion.speciale fier sauvage determine chic pointemode intense entetant or panthere";"30.39ans joie amour liberte surprise attirance touslesjours imprevisible fier calme provocant seducteur doux chic classique pointemode sexy raffine intense frais fleuri sucre vanille rose chat";"<20ans 30.39ans joie liberte surprise selonhumeur imprevisible extraverti provocant extravagant pointemode intense sucre agrume rose";"20.29ans attirance touslesjours fier provocant jaloux manipulateur seducteur determine chic sexy intense frais vegetal fleuri sucre vanille entetant epice agrume fruite noir rouge panthere noire";"20.29ans 30.39ans 40.49ans joie amour tristesse attirance touslesjours imprevisible mysterieux calme sauvage optimiste seducteur determine pointemode sexy raffine intense sucre vanille animal bleu lapin";"20.29ans 30.39ans 40.49ans 50.59ans joie liberte pour.occasion.speciale imprevisible extraverti mysterieux sauvage manipulateur seducteur determine chic extravagant sexy raffine intense sucre boise vanille agrume fruite bleu dauphin";"30.39ans 40.49ans liberte touslesjours imprevisible fier extraverti provocant optimiste seducteur determine chic extravagant intense frais fleuri sucre agrume fruite or lionne";"20.29ans 30.39ans amour attirance selonhumeur sauvage optimiste manipulateur decontracte sexy intense entetant epice animal orange chat"
"ChanelN5";"50.59ans >60ans contrariete peur nostalgie pour.occasion.speciale fier calme jaloux determine classique boise epice animal jaune elephant";"40.49ans 50.59ans >60ans amour nostalgie attirance touslesjours fier sauvage optimiste jaloux seducteur determine chic raffine intense sucre boise entetant epice gris aigle";"30.39ans 40.49ans 50.59ans amour touslesjours fier seducteur chic classique basique intense boise entetant dore chien";"30.39ans touslesjours fier calme determine chic raffine intense boise vanille epice dore lion";"40.49ans 50.59ans >60ans nostalgie selonhumeur fier mysterieux sauvage seducteur determine classique sexy intense boise vanille entetant animal gris lynx";"40.49ans 50.59ans liberte attirance pour.occasion.speciale fier mysterieux calme determine chic raffine intense frais sucre agrume or chat";"40.49ans liberte nostalgie touslesjours fier timide determine chic classique raffine vegetal boise epice jaune singe";"30.39ans 40.49ans tristesse attirance touslesjours extraverti calme sauvage manipulateur chic extravagant intense frais sucre entetant fruite jaune aigle";"40.49ans attirance selonhumeur mysterieux seducteur determine chic raffine intense entetant marron tigre";"50.59ans >60ans tristesse contrariete nostalgie touslesjours selonhumeur manipulateur chic classique intense fleuri boise jaune serpent";"30.39ans amour liberte attirance touslesjours mysterieux provocant manipulateur seducteur doux chic pointemode sexy raffine intense frais vegetal fleuri sucre jaune cheval";"40.49ans surprise touslesjours fier extraverti classique raffine entetant noir chien";"30.39ans liberte nostalgie pour.occasion.speciale selonhumeur fier provocant chic raffine frais entetant rouge aigle";"20.29ans attirance touslesjours fier seducteur determine sexy intense beige guepard";"40.49ans 50.59ans >60ans nostalgie touslesjours calme classique intense fleuri entetant gris vache";"40.49ans 50.59ans degout touslesjours fier introverti classique intense boise entetant epice or orang-outang";"20.29ans 30.39ans 40.49ans 50.59ans >60ans degout touslesjours pour.occasion.speciale provocant sauvage jaloux manipulateur seducteur determine chic classique intense boise entetant epice animal gris hermine";"30.39ans 40.49ans 50.59ans amour peur attirance pour.occasion.speciale imprevisible mysterieux sauvage manipulateur determine chic pointemode raffine intense frais boise entetant animal jaune lionne";"30.39ans 40.49ans nostalgie selonhumeur calme introverti timide basique intense boise gris chat";"30.39ans 40.49ans 50.59ans >60ans attirance pour.occasion.speciale fier provocant seducteur determine chic pointemode basique intense boise vanille entetant epice beige lion";"40.49ans tristesse touslesjours fier calme classique intense boise entetant epice marron chouette";"20.29ans liberte contrariete touslesjours fier calme optimiste doux decontracte pointemode intense vegetal epice agrume bleu cheval";"40.49ans 50.59ans >60ans amour attirance touslesjours fier calme determine chic classique raffine intense vegetal fleuri boise jaune chat";"30.39ans attirance touslesjours fier mysterieux calme determine chic pointemode raffine frais fleuri blanc lion";"40.49ans 50.59ans >60ans tristesse nostalgie attirance pour.occasion.speciale selonhumeur mysterieux calme determine chic classique intense sucre boise epice gris loup";"20.29ans joie amour surprise attirance touslesjours pour.occasion.speciale mysterieux calme optimiste timide jaloux doux chic decontracte extravagant raffine intense frais vegetal boise vanille fruite";"40.49ans tristesse touslesjours mysterieux calme determine extravagant raffine noir cerf";"30.39ans 40.49ans amour attirance pour.occasion.speciale imprevisible calme determine chic pointemode raffine intense or lion";"40.49ans 50.59ans >60ans nostalgie attirance calme manipulateur determine classique intense entetant epice jaune panthere";"40.49ans surprise touslesjours fier extraverti classique raffine entetant noir chien";"40.49ans liberte nostalgie touslesjours fier mysterieux optimiste determine chic decontracte raffine intense frais boise entetant animal or aigle";"20.29ans 30.39ans amour pour.occasion.speciale jaloux seducteur sexy raffine sucre entetant rouge lion";"50.59ans tristesse touslesjours mysterieux seducteur chic classique raffine intense gris hibou";"40.49ans 50.59ans >60ans nostalgie touslesjours fier provocant sauvage manipulateur seducteur determine chic classique intense entetant epice animal gris hyene";"50.59ans nostalgie attirance pour.occasion.speciale calme timide chic raffine vanille entetant animal or loup";"30.39ans attirance pour.occasion.speciale imprevisible seducteur determine chic intense boise entetant gris jaguar";"30.39ans 40.49ans attirance pour.occasion.speciale calme introverti determine chic raffine intense frais epice agrume jaune leopard";"50.59ans >60ans tristesse contrariete nostalgie touslesjours selonhumeur manipulateur chic classique intense fleuri boise jaune serpent";"20.29ans 30.39ans amour attirance pour.occasion.speciale imprevisible provocant seducteur chic pointemode sexy intense sucre entetant epice animal rouge tigre";"20.29ans 30.39ans 40.49ans amour liberte attirance calme optimiste seducteur doux classique frais fleuri entetant noir chat";"30.39ans 40.49ans tristesse nostalgie touslesjours calme doux basique raffine intense marron chien";"50.59ans contrariete nostalgie selonhumeur calme introverti basique boise entetant epice jaune loup";"50.59ans tristesse pour.occasion.speciale mysterieux decontracte sportwear intense animal gris rat";"30.39ans liberte surprise attirance selonhumeur mysterieux provocant sauvage seducteur basique intense epice animal or lion";"30.39ans 40.49ans liberte touslesjours pour.occasion.speciale mysterieux optimiste seducteur chic pointemode intense frais fleuri jaune chat";"30.39ans amour liberte attirance touslesjours mysterieux provocant optimiste seducteur determine chic pointemode sexy intense fleuri sucre entetant animal or felin";"40.49ans contrariete attirance fier introverti manipulateur seducteur determine chic intense vegetal entetant epice dore chien";"30.39ans nostalgie touslesjours introverti timide doux classique basique fleuri boise entetant epice noir panda";"20.29ans 40.49ans tristesse contrariete nostalgie touslesjours calme introverti timide enfantin seducteur doux basique intense fleuri boise epice jaune cheval";"30.39ans tristesse attirance touslesjours mysterieux optimiste seducteur chic classique pointemode sexy raffine frais sucre vanille rose pale chat";"40.49ans amour liberte nostalgie touslesjours calme optimiste determine doux decontracte intense sucre boise vert canard";"50.59ans peur attirance calme doux classique intense vegetal entetant or chouette";"30.39ans 40.49ans tristesse contrariete nostalgie selonhumeur imprevisible mysterieux provocant manipulateur sexy intense frais boise agrume fruite jaune serpent";"40.49ans amour nostalgie touslesjours fier calme seducteur doux chic raffine intense boise entetant animal gris chat";"30.39ans 40.49ans 50.59ans >60ans attirance touslesjours fier calme seducteur chic classique raffine intense frais boise beige louve";"20.29ans 30.39ans joie amour liberte touslesjours pour.occasion.speciale fier calme seducteur determine chic pointemode raffine intense frais fleuri agrume rose chien";"50.59ans >60ans nostalgie touslesjours optimiste chic classique intense boise entetant epice orange chouette";"40.49ans tristesse touslesjours introverti timide classique boise entetant epice noir lapin";"30.39ans 40.49ans amour liberte touslesjours calme optimiste determine chic classique raffine intense vegetal fleuri jaune rose aigle";"20.29ans 30.39ans surprise attirance selonhumeur imprevisible fier mysterieux provocant sauvage jaloux manipulateur seducteur determine pointemode raffine intense animal rouge violet lion";"30.39ans 40.49ans attirance touslesjours fier determine chic classique raffine frais vegetal fleuri bleu coq";"40.49ans 50.59ans nostalgie pour.occasion.speciale mysterieux calme introverti determine doux basique intense gris vieux lion";"40.49ans 50.59ans >60ans nostalgie touslesjours provocant determine chic intense entetant gris tigre";"<20ans 20.29ans joie amour attirance touslesjours calme optimiste seducteur doux chic decontracte sexy raffine intense frais vegetal vanille agrume bleu tigre";"<20ans 20.29ans joie surprise selonhumeur imprevisible enfantin classique sucre boise jaune chat";"40.49ans 50.59ans >60ans contrariete touslesjours imprevisible manipulateur seducteur chic classique intense";"<20ans 20.29ans 30.39ans amour attirance touslesjours calme optimiste seducteur chic sexy raffine intense saumon";"20.29ans 30.39ans 40.49ans amour liberte attirance touslesjours selonhumeur mysterieux introverti optimiste seducteur doux chic decontracte pointemode sexy raffine frais vegetal fleuri sucre entetant fruite or coquille saint jacques";"20.29ans 30.39ans attirance pour.occasion.speciale mysterieux calme introverti doux classique raffine frais vegetal fleuri sucre boise fruite bleu chat";"surprise tristesse nostalgie selonhumeur calme determine doux classique fleuri agrume gris";"30.39ans 40.49ans amour nostalgie attirance touslesjours fier mysterieux provocant manipulateur chic basique raffine intense frais animal rouge panthere";"40.49ans nostalgie pour.occasion.speciale mysterieux chic intense epice noir renard";"30.39ans surprise pour.occasion.speciale mysterieux basique intense orange lion";"30.39ans amour attirance pour.occasion.speciale fier calme seducteur chic intense animal jaune chat";"30.39ans joie attirance touslesjours imprevisible provocant manipulateur seducteur chic extravagant intense jaune chat";"<20ans 40.49ans joie liberte nostalgie pour.occasion.speciale imprevisible determine doux chic decontracte basique vegetal jaune requin";"40.49ans 50.59ans >60ans touslesjours seducteur chic raffine intense epice agrume animal jaune";"<20ans 20.29ans amour attirance touslesjours calme introverti enfantin seducteur doux decontracte basique frais fruite jaune chat";"40.49ans 50.59ans >60ans nostalgie attirance touslesjours pour.occasion.speciale mysterieux calme determine chic classique raffine intense sucre epice animal jaune lion";"20.29ans surprise selonhumeur optimiste determine decontracte boise entetant orange cheval";"50.59ans >60ans amour nostalgie touslesjours calme optimiste seducteur doux chic classique intense vegetal fleuri epice bleu chien";"<20ans 20.29ans 30.39ans 40.49ans joie amour nostalgie attirance touslesjours mysterieux calme introverti timide enfantin seducteur doux chic sexy raffine intense frais fleuri sucre epice agrume fruite chair blanc cygne";"50.59ans liberte nostalgie selonhumeur calme timide doux chic classique intense frais vegetal fleuri entetant beige mouton";"40.49ans 50.59ans nostalgie touslesjours mysterieux doux chic classique boise animal marron chien";"<20ans 20.29ans 30.39ans liberte attirance selonhumeur imprevisible fier provocant sauvage seducteur determine chic extravagant raffine intense sucre entetant epice animal or felin";"30.39ans 40.49ans 50.59ans amour attirance touslesjours imprevisible extraverti mysterieux sauvage seducteur determine doux chic pointemode raffine intense frais boise fruite or puma";"30.39ans 40.49ans contrariete touslesjours introverti timide chic raffine intense epice gris chien";"40.49ans tristesse nostalgie touslesjours mysterieux calme classique basique frais fleuri sucre agrume gris cheval";"30.39ans 40.49ans 50.59ans liberte touslesjours fier extraverti mysterieux seducteur chic raffine sucre vanille entetant animal jaune lion";"30.39ans 40.49ans surprise attirance touslesjours fier jaloux determine classique basique raffine intense vegetal fleuri ocre lynx";"50.59ans >60ans degout touslesjours fier mysterieux provocant manipulateur chic raffine intense boise entetant animal marron putois";"30.39ans 40.49ans liberte nostalgie attirance pour.occasion.speciale fier calme manipulateur determine chic pointemode raffine intense fleuri sucre vanille entetant jaune cheval";"20.29ans 30.39ans 40.49ans 50.59ans >60ans surprise contrariete touslesjours introverti optimiste manipulateur insouciant seducteur classique basique frais vegetal fleuri sucre boise vanille agrume bleu chien";"50.59ans liberte nostalgie touslesjours fier extraverti chic intense epice noir lion";"20.29ans joie amour touslesjours fier calme doux sexy frais fleuri sucre blanc gazelle";"20.29ans 40.49ans 50.59ans amour attirance pour.occasion.speciale mysterieux calme provocant optimiste jaloux seducteur determine chic extravagant sexy basique frais fleuri boise epice fruite rose";"20.29ans 30.39ans amour attirance pour.occasion.speciale mysterieux provocant seducteur chic classique vegetal fleuri boise vanille epice rouge felin chat";"20.29ans liberte attirance touslesjours fier mysterieux provocant manipulateur seducteur determine chic pointemode sexy raffine intense fleuri sucre boise vanille epice animal or guepard";"40.49ans surprise contrariete peur selonhumeur imprevisible mysterieux sauvage determine pointemode intense boise entetant epice animal gris";"40.49ans 50.59ans >60ans nostalgie attirance pour.occasion.speciale extraverti manipulateur determine chic pointemode intense sucre entetant fruite dore caniche";"20.29ans 30.39ans 40.49ans amour liberte touslesjours fier calme classique pointemode frais fleuri jaune lion";"50.59ans >60ans tristesse nostalgie touslesjours provocant manipulateur determine chic classique intense boise entetant epice dore leopard";"40.49ans contrariete nostalgie selonhumeur fier mysterieux determine chic raffine agrume noir cafard";"40.49ans contrariete nostalgie attirance selonhumeur fier mysterieux manipulateur determine raffine intense fleuri boise entetant animal jaune corbeau";"30.39ans amour liberte surprise attirance touslesjours fier manipulateur seducteur determine chic pointemode raffine intense frais fleuri boise rose cheval";"40.49ans 50.59ans >60ans touslesjours calme timide doux chic raffine intense vegetal entetant epice animal orange chat";"30.39ans 40.49ans 50.59ans liberte touslesjours extraverti provocant manipulateur seducteur chic classique decontracte intense frais vanille fruite jaune canard";"40.49ans 50.59ans nostalgie touslesjours calme doux basique frais boise entetant beige elephant";"40.49ans 50.59ans >60ans amour liberte attirance touslesjours fier provocant determine chic pointemode raffine boise entetant epice marron lion";"40.49ans 50.59ans attirance pour.occasion.speciale seducteur chic classique raffine intense animal jaune panthere";"40.49ans joie surprise nostalgie touslesjours fier determine doux chic intense vegetal boise vanille jaune chat";"40.49ans nostalgie touslesjours calme determine doux classique intense vegetal gris elephant";"40.49ans amour attirance touslesjours seducteur determine chic extravagant pointemode intense fleuri entetant or";">60ans contrariete nostalgie pour.occasion.speciale fier chic intense entetant noir putois";"30.39ans 40.49ans joie liberte selonhumeur calme optimiste determine chic classique frais vegetal fleuri fruite noir chat";"30.39ans 40.49ans 50.59ans tristesse nostalgie selonhumeur mysterieux calme classique basique vegetal fleuri boise epice animal cheval";"40.49ans 50.59ans touslesjours fier determine doux chic pointemode raffine intense fleuri boise entetant epice agrume fruite jaune girafe";"20.29ans attirance pour.occasion.speciale fier manipulateur seducteur extravagant intense sucre epice gris chat";"<20ans 20.29ans tristesse contrariete nostalgie touslesjours mysterieux calme timide classique raffine frais boise vanille animal gris loup";"30.39ans 40.49ans nostalgie pour.occasion.speciale fier mysterieux calme manipulateur determine chic classique raffine intense frais entetant epice or leopard";"40.49ans joie peur touslesjours imprevisible mysterieux determine chic raffine intense frais vegetal entetant epice beige girafe";"40.49ans 50.59ans nostalgie touslesjours imprevisible seducteur classique raffine fleuri gris";"30.39ans 40.49ans 50.59ans >60ans joie amour liberte surprise nostalgie attirance touslesjours fier extraverti mysterieux calme provocant optimiste seducteur doux chic pointemode sexy raffine intense sucre entetant epice dore lion";"40.49ans 50.59ans >60ans nostalgie attirance touslesjours pour.occasion.speciale mysterieux calme determine chic classique raffine intense sucre epice animal jaune lion";"20.29ans 30.39ans 40.49ans 50.59ans >60ans contrariete touslesjours pour.occasion.speciale selonhumeur seducteur chic raffine intense agrume jaune loup";"20.29ans amour attirance touslesjours mysterieux provocant seducteur doux chic pointemode sexy raffine frais fleuri sucre vanille agrume fruite rose chat";"40.49ans liberte surprise attirance selonhumeur imprevisible provocant jaloux seducteur doux decontracte intense vegetal vanille fruite blanc chat";"<20ans 20.29ans 30.39ans 40.49ans 50.59ans >60ans amour attirance pour.occasion.speciale seducteur chic pointemode raffine intense epice agrume animal bleu fonce tigre";"30.39ans amour nostalgie attirance selonhumeur mysterieux calme determine classique raffine intense frais vegetal vanille agrume noir lion";"30.39ans 40.49ans amour liberte attirance touslesjours fier extraverti provocant seducteur determine chic pointemode sexy intense vegetal boise entetant epice animal bleu cerf";"40.49ans surprise touslesjours imprevisible fier determine chic pointemode raffine intense fleuri entetant fruite animal orange biche";"40.49ans tristesse touslesjours fier calme classique intense boise entetant epice marron chouette";"40.49ans 50.59ans liberte nostalgie touslesjours calme seducteur chic classique intense boise animal marron koala";"30.39ans 40.49ans 50.59ans >60ans amour attirance touslesjours imprevisible provocant optimiste seducteur chic pointemode raffine intense frais fleuri or tigre";"40.49ans joie nostalgie touslesjours pour.occasion.speciale fier optimiste determine chic classique intense fleuri entetant or lion";"30.39ans 40.49ans 50.59ans >60ans tristesse nostalgie attirance touslesjours pour.occasion.speciale selonhumeur fier calme optimiste determine doux chic classique raffine intense vegetal fleuri boise epice animal dore tortue";"40.49ans 50.59ans >60ans nostalgie attirance pour.occasion.speciale mysterieux calme seducteur determine chic raffine intense entetant marron coq";"30.39ans 40.49ans 50.59ans liberte nostalgie touslesjours calme determine chic raffine fleuri boise or chien chat";"20.29ans 30.39ans amour liberte attirance touslesjours imprevisible fier mysterieux sauvage seducteur determine classique raffine intense vanille epice animal jaune lion";"30.39ans 40.49ans surprise attirance touslesjours fier jaloux determine classique basique raffine intense vegetal fleuri ocre lynx";"50.59ans surprise touslesjours extraverti jaloux seducteur determine sexy intense sucre vanille entetant epice animal rouge paon";"40.49ans 50.59ans nostalgie touslesjours calme doux basique frais boise entetant beige elephant";"20.29ans 30.39ans 40.49ans 50.59ans >60ans liberte nostalgie touslesjours mysterieux calme introverti doux decontracte basique intense fleuri boise epice animal vert tortue";"30.39ans 40.49ans liberte nostalgie selonhumeur calme timide doux classique raffine sucre boise agrume fruite gris loup";"50.59ans liberte nostalgie attirance touslesjours fier provocant sauvage seducteur pointemode raffine intense boise entetant epice animal noir jaguar";"30.39ans amour attirance pour.occasion.speciale fier determine extravagant pointemode intense boise epice animal violet lion";"20.29ans 30.39ans liberte contrariete nostalgie selonhumeur imprevisible mysterieux timide seducteur determine chic pointemode sexy intense boise entetant gris beige marron chat";"40.49ans degout peur nostalgie touslesjours calme jaloux insouciant determine classique intense frais boise vanille entetant epice jaune singe";"30.39ans 40.49ans 50.59ans >60ans tristesse nostalgie mysterieux calme introverti classique basique boise entetant epice gris souris";"40.49ans degout touslesjours mysterieux manipulateur raffine entetant gris serpent";"40.49ans 50.59ans surprise touslesjours fier determine classique raffine boise vanille entetant brun lion";"40.49ans 50.59ans >60ans amour nostalgie attirance touslesjours calme timide doux classique decontracte basique raffine vegetal boise epice agrume fruite animal jaune chien";"30.39ans 40.49ans liberte nostalgie touslesjours fier determine chic intense epice gris oiseau";"40.49ans amour contrariete pour.occasion.speciale imprevisible extraverti mysterieux provocant optimiste seducteur chic raffine intense vegetal boise vanille entetant agrume animal";"30.39ans joie amour liberte surprise attirance touslesjours chic classique decontracte sexy basique intense frais vegetal sucre vanille gris cerf";"30.39ans 40.49ans liberte attirance pour.occasion.speciale fier seducteur determine chic classique intense fruite or";"40.49ans liberte touslesjours fier calme insouciant determine raffine intense sucre boise vanille entetant epice agrume animal noir cheval";"20.29ans 30.39ans surprise nostalgie attirance pour.occasion.speciale mysterieux timide determine doux classique basique raffine vegetal fruite vert dauphin";"30.39ans 40.49ans amour attirance selonhumeur imprevisible mysterieux provocant sauvage manipulateur seducteur determine pointemode sexy intense boise vanille entetant animal rouge renard";"40.49ans 50.59ans tristesse contrariete nostalgie touslesjours mysterieux calme doux raffine intense vanille entetant epice animal gris chat";"20.29ans nostalgie attirance selonhumeur calme jaloux insouciant doux classique extravagant basique frais sucre entetant animal bleu oiseau"
"CocoMademoiselle";"30.39ans 40.49ans liberte surprise attirance touslesjours fier extraverti seducteur determine chic pointemode sexy raffine intense frais vanille fruite rouge lion";"40.49ans 50.59ans >60ans amour nostalgie attirance touslesjours fier sauvage optimiste jaloux seducteur determine chic raffine intense sucre boise entetant epice gris aigle";"30.39ans 40.49ans 50.59ans amour touslesjours fier seducteur chic classique basique intense boise entetant dore chien";"20.29ans 30.39ans joie liberte surprise touslesjours extraverti mysterieux provocant seducteur determine extravagant pointemode intense frais fleuri vanille entetant epice beige gazelle";"30.39ans 40.49ans joie attirance selonhumeur fier calme provocant optimiste seducteur doux chic classique pointemode sexy frais vegetal entetant agrume fruite or jaune hirondelle";"20.29ans liberte degout selonhumeur fier extraverti provocant sauvage jaloux seducteur decontracte extravagant sexy intense boise entetant agrume fruite violet mante-religieuse";"20.29ans 30.39ans amour liberte attirance touslesjours mysterieux provocant manipulateur seducteur chic pointemode sexy intense fleuri sucre epice animal rouge cygne";"20.29ans liberte touslesjours imprevisible fier extraverti mysterieux provocant sauvage seducteur determine sexy raffine intense sucre entetant fruite animal jaune guepard";"30.39ans amour attirance touslesjours imprevisible provocant manipulateur seducteur determine chic raffine intense sucre vanille entetant rose panthere";"<20ans 20.29ans 30.39ans 40.49ans 50.59ans attirance touslesjours extraverti mysterieux optimiste seducteur chic pointemode raffine intense fleuri sucre vanille epice fruite beige chat";"20.29ans surprise attirance pour.occasion.speciale extraverti provocant sauvage manipulateur seducteur determine pointemode sexy intense sucre vanille entetant epice orange lion";"30.39ans liberte attirance pour.occasion.speciale fier provocant jaloux enfantin decontracte sportwear raffine fleuri vanille rouge tigre";"20.29ans 30.39ans 40.49ans amour attirance touslesjours pour.occasion.speciale imprevisible seducteur chic classique sexy frais sucre fruite beige rose antilope";"20.29ans attirance touslesjours fier seducteur determine sexy intense beige guepard";"<20ans 20.29ans 30.39ans surprise attirance pour.occasion.speciale imprevisible extraverti provocant seducteur determine sexy intense frais fleuri vanille epice fruite noir panthere";"40.49ans 50.59ans degout touslesjours fier introverti classique intense boise entetant epice or orang-outang";"<20ans 20.29ans degout touslesjours extraverti seducteur chic pointemode sexy raffine intense entetant epice animal orange chien";"30.39ans 40.49ans joie amour liberte attirance pour.occasion.speciale imprevisible mysterieux provocant sauvage manipulateur seducteur determine chic extravagant raffine intense boise entetant epice animal bleu tigresse panthere";"20.29ans surprise attirance touslesjours imprevisible mysterieux provocant manipulateur seducteur sexy raffine intense entetant epice rouge cougar";"20.29ans 30.39ans 40.49ans degout pour.occasion.speciale imprevisible extraverti provocant manipulateur seducteur determine chic pointemode sexy intense boise entetant animal jaune tigre";"20.29ans amour touslesjours introverti seducteur pointemode fleuri sucre vanille fruite rose cheval";"20.29ans amour attirance touslesjours imprevisible fier calme seducteur doux chic pointemode sexy frais fleuri sucre boise agrume fruite or dauphin";"20.29ans 30.39ans joie liberte surprise touslesjours imprevisible fier provocant determine chic pointemode intense vegetal fleuri vanille rose paon";"20.29ans surprise selonhumeur extraverti provocant seducteur sexy intense sucre rouge panthere";"<20ans 20.29ans joie amour liberte attirance touslesjours mysterieux calme sauvage timide insouciant enfantin seducteur chic decontracte raffine frais fleuri boise rose colombe";"20.29ans joie amour surprise attirance touslesjours pour.occasion.speciale mysterieux calme optimiste timide jaloux doux chic decontracte extravagant raffine intense frais vegetal boise vanille fruite";"20.29ans joie selonhumeur mysterieux calme provocant seducteur pointemode sexy fleuri rouge chat";"30.39ans surprise attirance touslesjours extraverti sauvage sexy intense epice neon canard";"20.29ans liberte attirance selonhumeur seducteur determine doux chic sexy intense frais fleuri rose chat";"30.39ans liberte attirance pour.occasion.speciale fier provocant jaloux enfantin decontracte sportwear raffine fleuri vanille rouge tigre";"20.29ans amour surprise attirance touslesjours fier mysterieux seducteur chic raffine intense entetant epice rouge hermine";"20.29ans attirance selonhumeur imprevisible fier mysterieux seducteur chic raffine intense frais vanille rouge tigre";"20.29ans joie attirance touslesjours mysterieux calme insouciant enfantin classique raffine frais fleuri sucre rouge tigre";"<20ans 20.29ans joie amour liberte attirance touslesjours mysterieux calme optimiste timide insouciant enfantin seducteur doux chic basique raffine frais vegetal fleuri sucre vanille fruite rose chat";"30.39ans 40.49ans attirance touslesjours mysterieux sauvage manipulateur seducteur sexy raffine agrume animal noir chienne";"20.29ans 30.39ans joie touslesjours fier mysterieux seducteur chic raffine intense fleuri boise entetant brun chat";"20.29ans 30.39ans tristesse attirance pour.occasion.speciale fier mysterieux manipulateur seducteur chic pointemode raffine epice agrume noir chat";"<20ans 20.29ans 30.39ans 40.49ans 50.59ans attirance touslesjours extraverti mysterieux optimiste seducteur chic pointemode raffine intense fleuri sucre vanille epice fruite beige chat";"20.29ans 30.39ans amour attirance pour.occasion.speciale imprevisible provocant seducteur chic pointemode sexy intense sucre entetant epice animal rouge tigre";"30.39ans 40.49ans 50.59ans liberte surprise contrariete peur pour.occasion.speciale selonhumeur fier extraverti insouciant chic classique intense entetant marron ours";"20.29ans 30.39ans attirance pour.occasion.speciale mysterieux seducteur determine chic pointemode intense entetant rouge cheval";"30.39ans 40.49ans surprise attirance selonhumeur provocant seducteur determine sexy raffine intense sucre epice beige panthere";"50.59ans >60ans attirance selonhumeur provocant sauvage seducteur chic raffine intense boise entetant epice animal noir panthere";"30.39ans liberte surprise attirance selonhumeur mysterieux provocant sauvage seducteur basique intense epice animal or lion";"20.29ans 30.39ans 40.49ans liberte attirance touslesjours imprevisible extraverti sauvage seducteur determine chic pointemode sexy intense fleuri beige lion";"20.29ans joie amour attirance touslesjours optimiste seducteur determine chic pointemode sexy intense frais sucre vanille fruite animal rose felin";"20.29ans amour attirance touslesjours calme introverti timide insouciant seducteur doux raffine frais fleuri vanille fruite rose chat";"<20ans 20.29ans amour surprise attirance touslesjours sauvage timide seducteur doux classique pointemode intense frais sucre entetant fruite rose mante-religieuse";"20.29ans liberte attirance touslesjours imprevisible mysterieux provocant jaloux manipulateur doux chic classique intense fleuri boise fruite rose chien";"30.39ans tristesse attirance touslesjours mysterieux optimiste seducteur chic classique pointemode sexy raffine frais sucre vanille rose pale chat";"20.29ans amour liberte touslesjours fier calme seducteur determine chic sexy raffine frais vegetal boise noir brebis";"30.39ans amour liberte attirance pour.occasion.speciale fier mysterieux optimiste seducteur determine chic sexy raffine intense boise animal beige loup";"20.29ans 30.39ans joie amour nostalgie attirance touslesjours imprevisible mysterieux calme seducteur doux raffine vegetal fleuri boise vanille agrume rose dauphin";"20.29ans amour attirance touslesjours mysterieux calme timide classique raffine intense boise vanille entetant rose chat";"20.29ans 30.39ans attirance touslesjours imprevisible sauvage seducteur determine doux chic raffine intense sucre or panthere";"20.29ans 30.39ans joie amour liberte touslesjours pour.occasion.speciale fier calme seducteur determine chic pointemode raffine intense frais fleuri agrume rose chien";"20.29ans 30.39ans attirance pour.occasion.speciale extraverti mysterieux provocant determine chic basique raffine intense frais boise marron lynx";"40.49ans nostalgie touslesjours calme provocant determine chic intense boise entetant rouge cygne";"20.29ans 30.39ans joie attirance selonhumeur imprevisible fier mysterieux seducteur determine chic sexy raffine intense fleuri sucre entetant orange panthere";"20.29ans 30.39ans surprise attirance selonhumeur imprevisible fier mysterieux provocant sauvage jaloux manipulateur seducteur determine pointemode raffine intense animal rouge violet lion";"<20ans 20.29ans amour liberte selonhumeur imprevisible mysterieux provocant seducteur sexy intense sucre boise vanille entetant animal rouge panthere";"30.39ans attirance touslesjours seducteur doux classique intense fleuri epice agrume fruite rose chouette";"<20ans 20.29ans 30.39ans 40.49ans joie amour liberte peur attirance touslesjours mysterieux calme enfantin seducteur doux chic sexy raffine frais vegetal fleuri sucre fruite bleu flamant";"<20ans 20.29ans amour attirance touslesjours timide seducteur determine doux chic classique decontracte pointemode sexy raffine intense frais fleuri fruite rose sauterelle";"20.29ans 30.39ans 40.49ans attirance selonhumeur mysterieux jaloux classique basique raffine intense entetant blanc ours";"40.49ans 50.59ans >60ans contrariete touslesjours imprevisible manipulateur seducteur chic classique intense";"<20ans 20.29ans 30.39ans amour attirance touslesjours calme optimiste seducteur chic sexy raffine intense saumon";"20.29ans 30.39ans 40.49ans amour liberte attirance touslesjours selonhumeur mysterieux introverti optimiste seducteur doux chic decontracte pointemode sexy raffine frais vegetal fleuri sucre entetant fruite or coquille saint jacques";"20.29ans 30.39ans liberte attirance pour.occasion.speciale imprevisible fier provocant manipulateur seducteur pointemode sexy intense entetant animal rouge tigre";"30.39ans joie attirance fier calme manipulateur seducteur determine chic raffine intense sucre fruite rouge panthere";"30.39ans 40.49ans amour nostalgie attirance touslesjours fier mysterieux provocant manipulateur chic basique raffine intense frais animal rouge panthere";"20.29ans amour attirance pour.occasion.speciale mysterieux calme sauvage seducteur pointemode sexy intense sucre entetant fruite rose colombe";"20.29ans joie amour nostalgie touslesjours timide jaloux doux classique basique frais fruite rose chat";"20.29ans attirance provocant seducteur chic sexy intense sucre fruite rouge tigre";"20.29ans liberte surprise attirance pour.occasion.speciale imprevisible fier mysterieux provocant sauvage manipulateur determine chic extravagant pointemode sexy animal rose chien";"<20ans amour surprise pour.occasion.speciale imprevisible extraverti mysterieux provocant sauvage chic classique decontracte pointemode sexy frais rose dauphin";"20.29ans 30.39ans liberte attirance touslesjours imprevisible fier provocant sauvage manipulateur seducteur determine chic decontracte extravagant sexy intense vegetal boise entetant epice animal orange";"<20ans attirance pour.occasion.speciale fier extraverti provocant sauvage seducteur extravagant intense fleuri entetant animal rouge guepard";"30.39ans amour attirance touslesjours fier mysterieux calme seducteur doux chic classique basique raffine frais fleuri sucre vanille agrume fruite rose orange";"30.39ans amour touslesjours calme sauvage doux sexy fruite rose chat";"20.29ans 30.39ans joie liberte attirance touslesjours calme optimiste seducteur determine chic pointemode raffine frais vegetal fleuri sucre fruite rose chat";"<20ans 20.29ans 30.39ans 40.49ans joie amour nostalgie attirance touslesjours mysterieux calme introverti timide enfantin seducteur doux chic sexy raffine intense frais fleuri sucre epice agrume fruite chair blanc cygne";"50.59ans liberte nostalgie selonhumeur calme timide doux chic classique intense frais vegetal fleuri entetant beige mouton";"20.29ans liberte attirance pour.occasion.speciale imprevisible mysterieux provocant sauvage seducteur doux chic pointemode sexy intense entetant animal noir panthere";"<20ans 20.29ans 30.39ans liberte attirance selonhumeur imprevisible fier provocant sauvage seducteur determine chic extravagant raffine intense sucre entetant epice animal or felin";"20.29ans attirance pour.occasion.speciale mysterieux calme sauvage seducteur chic sexy raffine frais fleuri epice agrume animal saumon chat";"20.29ans attirance pour.occasion.speciale mysterieux provocant seducteur pointemode sexy intense epice rouge panthere";"40.49ans tristesse nostalgie touslesjours mysterieux calme classique basique frais fleuri sucre agrume gris cheval";"20.29ans 30.39ans 40.49ans amour liberte attirance touslesjours extraverti sauvage seducteur classique pointemode intense entetant epice animal jaune cheval";"30.39ans 40.49ans surprise attirance touslesjours fier jaloux determine classique basique raffine intense vegetal fleuri ocre lynx";"<20ans 20.29ans joie liberte surprise imprevisible extraverti optimiste enfantin classique pointemode frais sucre agrume fruite rose papillon";"20.29ans 30.39ans amour liberte surprise attirance selonhumeur imprevisible mysterieux seducteur pointemode sexy raffine intense fleuri sucre boise vanille entetant noir leopard";"20.29ans liberte attirance touslesjours imprevisible fier provocant sauvage manipulateur enfantin seducteur chic classique frais fleuri sucre entetant animal rose chat";"30.39ans attirance pour.occasion.speciale manipulateur seducteur determine decontracte sexy intense entetant rouge lion";"20.29ans 30.39ans touslesjours mysterieux provocant doux pointemode intense sucre entetant rouge chat";"<20ans 20.29ans 30.39ans 40.49ans 50.59ans amour surprise attirance pour.occasion.speciale fier mysterieux calme sauvage seducteur determine doux chic sexy raffine intense frais epice rouge panthere";"20.29ans 30.39ans amour attirance pour.occasion.speciale mysterieux provocant seducteur chic classique vegetal fleuri boise vanille epice rouge felin chat";"20.29ans liberte attirance touslesjours fier mysterieux provocant manipulateur seducteur determine chic pointemode sexy raffine intense fleuri sucre boise vanille epice animal or guepard";"40.49ans touslesjours extraverti provocant insouciant seducteur determine decontracte intense frais fleuri vanille entetant agrume animal rose cygne";"30.39ans 40.49ans amour attirance touslesjours calme optimiste seducteur doux classique raffine frais vanille agrume fruite bordeaux chien";"30.39ans amour attirance touslesjours imprevisible mysterieux seducteur determine decontracte intense rouge chat";"20.29ans joie amour liberte attirance touslesjours selonhumeur extraverti calme seducteur decontracte raffine frais fleuri epice fruite rose chat";"<20ans amour attirance pour.occasion.speciale calme jaloux doux frais fleuri vanille rouge gazelle";"20.29ans amour attirance touslesjours mysterieux optimiste seducteur determine pointemode frais fleuri boise agrume rose chat";"30.39ans amour liberte surprise attirance touslesjours fier manipulateur seducteur determine chic pointemode raffine intense frais fleuri boise rose cheval";"<20ans 20.29ans amour liberte surprise attirance pour.occasion.speciale imprevisible extraverti provocant seducteur chic extravagant basique sucre vanille entetant fruite beige rose felin panthere";"30.39ans amour pour.occasion.speciale imprevisible extraverti provocant manipulateur seducteur decontracte pointemode sexy raffine intense entetant rouge lion";"20.29ans liberte attirance selonhumeur fier provocant timide manipulateur seducteur determine pointemode intense sucre epice animal rouge tigre";"30.39ans 40.49ans liberte attirance pour.occasion.speciale extraverti provocant sauvage manipulateur seducteur determine pointemode sexy intense vegetal sucre vanille agrume fruite rouge cougar";"<20ans 20.29ans 30.39ans touslesjours seducteur determine doux chic pointemode basique frais fleuri sucre entetant epice rose chat";"<20ans joie amour attirance touslesjours provocant sauvage manipulateur insouciant determine pointemode intense sucre animal rouge ours";"30.39ans joie liberte attirance pour.occasion.speciale imprevisible fier extraverti sauvage chic sexy raffine intense fleuri sucre entetant noir panthere";"40.49ans amour attirance touslesjours seducteur determine chic extravagant pointemode intense fleuri entetant or lionne";"20.29ans 30.39ans joie amour nostalgie touslesjours fier extraverti seducteur chic pointemode raffine intense vanille rose";"20.29ans amour liberte attirance touslesjours provocant sauvage seducteur determine chic sexy intense fleuri entetant epice animal rouge panthere";"<20ans 20.29ans 30.39ans amour pour.occasion.speciale seducteur doux sexy frais fleuri sucre fruite rose gris cygne";"20.29ans 30.39ans amour degout touslesjours provocant manipulateur seducteur determine chic sexy frais fleuri fruite rouge lion";"20.29ans attirance pour.occasion.speciale fier manipulateur seducteur extravagant intense sucre epice gris chat";"20.29ans 30.39ans amour liberte surprise attirance touslesjours fier mysterieux calme seducteur determine chic pointemode raffine intense frais fleuri sucre vanille epice agrume rose cygne";"20.29ans 30.39ans amour attirance pour.occasion.speciale mysterieux manipulateur seducteur determine sexy raffine intense entetant fruite animal rouge panthere";"<20ans 20.29ans amour attirance pour.occasion.speciale provocant sauvage optimiste jaloux manipulateur seducteur determine sexy raffine fleuri sucre vanille entetant fruite rouge panthere";"30.39ans contrariete pour.occasion.speciale manipulateur seducteur determine chic classique raffine entetant animal marron panthere felin";"30.39ans 40.49ans 50.59ans >60ans joie amour liberte surprise nostalgie attirance touslesjours fier extraverti mysterieux calme provocant optimiste seducteur doux chic pointemode sexy raffine intense sucre entetant epice dore lion";"30.39ans amour attirance touslesjours fier mysterieux calme seducteur doux chic classique basique raffine frais fleuri sucre vanille agrume fruite rose orange";"20.29ans 30.39ans 40.49ans 50.59ans >60ans liberte touslesjours pour.occasion.speciale selonhumeur calme doux chic classique raffine intense entetant dore chat";"20.29ans amour attirance touslesjours mysterieux provocant seducteur doux chic pointemode sexy raffine frais fleuri sucre vanille agrume fruite rose chat";"20.29ans amour surprise attirance selonhumeur imprevisible calme provocant sauvage classique decontracte basique raffine frais fleuri sucre vanille rouge lapin";"20.29ans 30.39ans 40.49ans attirance pour.occasion.speciale imprevisible fier provocant determine chic classique sexy intense boise entetant agrume dore dauphin";"30.39ans amour nostalgie attirance selonhumeur mysterieux calme determine classique raffine intense frais vegetal vanille agrume noir lion";"20.29ans amour liberte attirance touslesjours imprevisible mysterieux determine chic pointemode raffine intense frais vegetal fleuri agrume fruite rose cygne";"20.29ans attirance pour.occasion.speciale mysterieux provocant seducteur chic sexy intense fleuri sucre entetant fruite animal rouge tigre";"20.29ans amour touslesjours introverti seducteur pointemode fleuri sucre vanille fruite rose cheval";"20.29ans 30.39ans liberte attirance touslesjours mysterieux provocant seducteur determine chic pointemode intense vegetal fleuri agrume rose pale chat";"30.39ans 40.49ans 50.59ans >60ans amour attirance touslesjours imprevisible provocant optimiste seducteur chic pointemode raffine intense frais fleuri or tigre";"20.29ans amour attirance touslesjours imprevisible extraverti provocant seducteur classique sexy intense frais fleuri vanille bleu gazelle biche";"30.39ans 40.49ans 50.59ans >60ans tristesse nostalgie attirance touslesjours pour.occasion.speciale selonhumeur fier calme optimiste determine doux chic classique raffine intense vegetal fleuri boise epice animal dore tortue";"30.39ans 40.49ans amour surprise attirance selonhumeur fier mysterieux calme seducteur doux classique intense boise vanille epice agrume fruite dore chat";"20.29ans 30.39ans 40.49ans amour touslesjours calme determine chic raffine intense fleuri vanille rose serpent";"20.29ans 30.39ans amour liberte attirance touslesjours imprevisible fier mysterieux sauvage seducteur determine classique raffine intense vanille epice animal jaune lion";"30.39ans 40.49ans surprise attirance touslesjours fier jaloux determine classique basique raffine intense vegetal fleuri ocre lynx";"30.39ans 40.49ans amour mysterieux calme introverti timide seducteur doux raffine frais vegetal fleuri sucre vanille Blanc cameleon";"20.29ans liberte attirance selonhumeur fier provocant timide manipulateur seducteur determine pointemode intense sucre epice animal rouge tigre";"<20ans 20.29ans liberte attirance pour.occasion.speciale imprevisible fier provocant sauvage seducteur determine chic classique raffine intense vanille entetant epice or chat";"20.29ans amour liberte surprise attirance touslesjours imprevisible extraverti provocant seducteur chic pointemode sexy intense frais sucre epice animal violet panthere";"50.59ans liberte nostalgie attirance touslesjours fier provocant sauvage seducteur pointemode raffine intense boise entetant epice animal noir jaguar";"20.29ans liberte attirance touslesjours mysterieux provocant sauvage manipulateur seducteur chic raffine intense fleuri sucre rouge serpent tigresse";"20.29ans 30.39ans liberte contrariete nostalgie selonhumeur imprevisible mysterieux timide seducteur determine chic pointemode sexy intense boise entetant gris beige marron chat";"<20ans joie amour liberte attirance touslesjours imprevisible fier extraverti calme provocant optimiste manipulateur seducteur determine chic pointemode sexy intense frais vegetal fleuri sucre vanille agrume fruite marron lion";"30.39ans 40.49ans 50.59ans >60ans tristesse nostalgie mysterieux calme introverti classique basique boise entetant epice gris souris";"20.29ans amour liberte attirance pour.occasion.speciale imprevisible fier mysterieux provocant seducteur chic pointemode raffine intense boise vanille epice or chat";"20.29ans 30.39ans liberte attirance pour.occasion.speciale mysterieux provocant seducteur chic sexy sucre vanille epice fruite rouge chat";"20.29ans 30.39ans 40.49ans 50.59ans touslesjours mysterieux calme seducteur doux classique decontracte basique frais vegetal fleuri vanille agrume fruite blanc chat";"20.29ans 30.39ans amour liberte attirance touslesjours fier seducteur determine chic pointemode raffine intense vegetal fleuri or lion";"20.29ans 30.39ans amour surprise attirance selonhumeur mysterieux calme timide jaloux manipulateur seducteur sexy raffine intense vegetal boise entetant epice";"30.39ans joie amour liberte surprise attirance touslesjours imprevisible fier calme provocant seducteur doux chic classique pointemode sexy raffine intense frais fleuri sucre vanille rose chat";"30.39ans 40.49ans liberte attirance pour.occasion.speciale fier seducteur determine chic classique intense fruite or";"20.29ans attirance touslesjours fier provocant jaloux manipulateur seducteur determine chic sexy intense frais vegetal fleuri sucre vanille entetant epice agrume fruite noir rouge panthere noire";"20.29ans attirance touslesjours manipulateur sexy fleuri rouge noir chatte";"30.39ans 40.49ans 50.59ans >60ans liberte nostalgie attirance touslesjours mysterieux calme introverti sauvage timide determine chic raffine intense fleuri vanille beige chat";"20.29ans 30.39ans amour liberte attirance touslesjours imprevisible fier extraverti provocant insouciant enfantin seducteur determine doux chic classique pointemode raffine frais fleuri sucre fruite beige cygne";"30.39ans 40.49ans surprise tristesse contrariete selonhumeur extraverti mysterieux jaloux classique decontracte basique frais fleuri epice marron oiseau"
"Flower";"20.29ans 30.39ans joie amour liberte attirance touslesjours mysterieux optimiste doux chic pointemode raffine frais vegetal fleuri agrume fruite vert loutre";"20.29ans 30.39ans joie amour liberte nostalgie touslesjours imprevisible mysterieux calme timide doux decontracte frais vegetal agrume fruite vert cheval";"20.29ans 30.39ans joie liberte attirance selonhumeur imprevisible mysterieux seducteur doux chic classique frais fleuri rose oiseau";"20.29ans 30.39ans 40.49ans joie amour liberte selonhumeur mysterieux calme introverti decontracte frais vegetal fleuri agrume rouge chat";"<20ans 20.29ans 30.39ans joie amour liberte surprise nostalgie attirance touslesjours calme sauvage optimiste insouciant determine doux classique decontracte sportwear raffine intense frais vegetal fleuri boise animal vert lion";"30.39ans 40.49ans joie amour liberte nostalgie touslesjours fier calme optimiste determine doux basique raffine frais vegetal fleuri fruite orange ours";"40.49ans liberte nostalgie touslesjours fier timide determine chic classique raffine vegetal boise epice jaune singe";"20.29ans liberte attirance selonhumeur imprevisible fier mysterieux calme doux classique decontracte frais vegetal boise animal vert cerf";"20.29ans liberte touslesjours mysterieux calme doux decontracte raffine frais vegetal fleuri boise epice animal vert loup";"20.29ans 30.39ans liberte tristesse touslesjours mysterieux calme introverti timide doux decontracte basique frais vegetal fleuri boise rose oiseau";"40.49ans amour liberte tristesse nostalgie touslesjours mysterieux calme introverti timide doux chic classique frais vegetal gris oiseau";"20.29ans liberte attirance touslesjours mysterieux calme optimiste determine doux chic raffine frais fleuri entetant or lion";"30.39ans liberte nostalgie pour.occasion.speciale selonhumeur fier provocant chic raffine frais entetant rouge aigle";"<20ans liberte nostalgie touslesjours mysterieux calme introverti doux raffine fleuri rouge cerf";"30.39ans nostalgie selonhumeur introverti basique vegetal boise agrume vert poisson";"20.29ans attirance touslesjours fier extraverti insouciant chic raffine vegetal fleuri sucre bleu aigle";"<20ans 20.29ans joie amour liberte surprise attirance touslesjours calme timide doux chic classique raffine frais vegetal fleuri rouge chat";"30.39ans amour liberte touslesjours imprevisible mysterieux calme doux classique frais vegetal fleuri boise agrume fruite rouge papillon";"<20ans amour nostalgie selonhumeur calme introverti timide doux basique raffine frais vegetal fleuri vert cerf";"<20ans 20.29ans amour liberte nostalgie touslesjours imprevisible mysterieux calme sauvage optimiste insouciant doux decontracte frais vegetal fleuri boise agrume fruite rouge cerf";"20.29ans joie liberte selonhumeur imprevisible mysterieux sauvage insouciant determine raffine frais vegetal vanille animal blanc loup";"<20ans joie liberte selonhumeur imprevisible fier provocant optimiste timide enfantin decontracte sportwear frais vegetal fleuri sucre vanille fruite rose chien";"20.29ans 30.39ans joie liberte touslesjours imprevisible mysterieux sauvage optimiste determine decontracte basique frais vegetal sucre fruite vert hirondelle";"20.29ans nostalgie selonhumeur introverti decontracte vegetal vanille vert biche";"<20ans 20.29ans joie amour liberte nostalgie attirance pour.occasion.speciale selonhumeur mysterieux sauvage optimiste enfantin seducteur doux sexy raffine intense fleuri sucre boise epice fruite rouge chat";"<20ans 20.29ans amour selonhumeur calme doux classique sportwear basique intense fleuri vanille fruite";"20.29ans joie selonhumeur mysterieux calme provocant seducteur pointemode sexy fleuri rouge chat";"30.39ans liberte touslesjours imprevisible mysterieux determine chic raffine vegetal boise bleu-violet cygne";"<20ans joie amour touslesjours optimiste timide insouciant basique fleuri sucre fruite rouge lapin";"20.29ans liberte attirance touslesjours mysterieux calme optimiste determine doux chic raffine frais fleuri entetant or lion";"<20ans liberte nostalgie selonhumeur imprevisible introverti timide insouciant decontracte basique frais vegetal fleuri boise fruite vert oiseau";"<20ans liberte touslesjours mysterieux calme introverti doux decontracte frais fleuri sucre vert oiseau";"20.29ans joie attirance touslesjours mysterieux calme insouciant enfantin classique raffine frais fleuri sucre rouge tigre";"<20ans 20.29ans 30.39ans joie amour liberte nostalgie attirance touslesjours calme optimiste timide insouciant enfantin doux classique basique raffine frais fleuri sucre fruite rose chien";"<20ans 20.29ans joie liberte selonhumeur mysterieux introverti timide enfantin doux classique decontracte basique frais vegetal fleuri boise fruite rouge cerf";"<20ans 20.29ans amour liberte touslesjours calme timide insouciant doux decontracte basique frais vegetal vanille fruite rouge cerf";"<20ans 20.29ans liberte nostalgie touslesjours calme introverti timide insouciant doux classique decontracte basique frais fleuri vanille vert biche";"20.29ans 30.39ans liberte tristesse touslesjours mysterieux calme introverti timide doux decontracte basique frais vegetal fleuri boise rose oiseau";"<20ans 20.29ans joie liberte surprise touslesjours imprevisible sauvage insouciant enfantin doux decontracte frais vegetal fleuri fruite bleu vert chat";"30.39ans 40.49ans 50.59ans liberte surprise contrariete peur pour.occasion.speciale selonhumeur fier extraverti insouciant chic classique intense entetant marron ours";"<20ans amour liberte surprise touslesjours extraverti optimiste enfantin decontracte fleuri vanille fruite rose oiseau";"20.29ans 30.39ans joie liberte touslesjours calme optimiste insouciant doux classique raffine intense vanille fruite rouge chat";"20.29ans amour liberte touslesjours enfantin doux classique decontracte basique frais sucre fruite rouge chat";"20.29ans liberte touslesjours imprevisible sauvage doux raffine frais fleuri boise vert cerf";"<20ans amour nostalgie touslesjours mysterieux calme timide classique vegetal fleuri boise vert renne";"<20ans joie amour liberte selonhumeur imprevisible calme timide enfantin doux classique decontracte frais vegetal fruite blanc coccinelle";"20.29ans liberte tristesse peur selonhumeur imprevisible mysterieux sauvage manipulateur extravagant intense vegetal boise entetant epice animal vert chevreuil";"20.29ans 30.39ans 40.49ans joie liberte nostalgie selonhumeur mysterieux introverti timide enfantin classique decontracte frais vegetal fleuri blanc oiseau";"<20ans amour liberte nostalgie touslesjours fier mysterieux calme optimiste enfantin decontracte basique raffine fleuri boise epice animal rouge renne";"20.29ans 30.39ans liberte nostalgie selonhumeur mysterieux calme sauvage timide doux decontracte basique raffine frais vegetal fleuri sucre vert ecureuil";"<20ans contrariete peur selonhumeur mysterieux introverti timide doux basique intense entetant epice bleu cheval";"40.49ans amour liberte touslesjours imprevisible fier mysterieux chic classique intense vegetal fleuri entetant epice rouge oiseau";"<20ans 20.29ans amour attirance touslesjours calme timide seducteur decontracte intense fleuri vanille fruite rouge coccinelle";"20.29ans amour liberte touslesjours calme sauvage classique raffine frais fleuri rouge oiseau";"<20ans 20.29ans 30.39ans liberte nostalgie attirance touslesjours mysterieux calme timide enfantin doux classique decontracte pointemode basique raffine frais vegetal fleuri boise vanille fruite vert cheval";"<20ans joie liberte nostalgie selonhumeur imprevisible mysterieux calme sauvage seducteur classique decontracte raffine vegetal vanille epice fruite vert caribou";"<20ans 20.29ans joie liberte touslesjours calme sauvage optimiste determine doux decontracte basique raffine frais vegetal fleuri sucre agrume vert perroquet";"20.29ans joie amour liberte touslesjours mysterieux calme doux decontracte frais vegetal sucre fruite orange gazelle";"<20ans 20.29ans liberte nostalgie selonhumeur imprevisible sauvage determine doux basique raffine intense frais fleuri rouge papillon oiseau";"<20ans 20.29ans liberte touslesjours mysterieux calme sauvage optimiste insouciant enfantin doux classique decontracte basique frais vert cerf";"20.29ans 30.39ans liberte touslesjours provocant determine doux decontracte frais vegetal fleuri rouge singe";"20.29ans 30.39ans liberte nostalgie touslesjours calme doux classique vegetal fleuri vanille epice agrume fruite rouge papillon";"20.29ans 30.39ans amour liberte touslesjours mysterieux calme sauvage chic basique frais vegetal boise vert cerf";"30.39ans 40.49ans liberte touslesjours calme timide doux chic raffine frais rouge oiseau";"<20ans 20.29ans liberte selonhumeur mysterieux calme doux decontracte basique frais fleuri boise epice rouge oiseau";"<20ans 20.29ans liberte selonhumeur calme optimiste insouciant determine basique vegetal boise agrume orange daim";"30.39ans amour liberte timide enfantin doux classique fleuri fruite vert cheval";"<20ans 20.29ans 30.39ans 40.49ans 50.59ans >60ans joie liberte tristesse nostalgie pour.occasion.speciale imprevisible calme optimiste determine chic classique basique frais fleuri sucre vanille agrume noir escargot";"20.29ans 30.39ans liberte selonhumeur mysterieux calme classique decontracte frais vegetal fleuri gris koala";"30.39ans joie attirance fier calme manipulateur seducteur determine chic raffine intense sucre fruite rouge panthere";"40.49ans liberte attirance pour.occasion.speciale extraverti calme seducteur doux classique basique intense boise rouge coccinelle";"20.29ans liberte touslesjours calme optimiste insouciant enfantin doux decontracte basique frais vegetal fleuri boise vert loup";"20.29ans joie amour nostalgie touslesjours timide jaloux doux classique basique frais fruite rose chat";"<20ans touslesjours fier calme timide doux decontracte pointemode frais vegetal fruite vert cheval";"40.49ans amour liberte nostalgie pour.occasion.speciale fier mysterieux calme optimiste doux classique frais rouge tigre";"30.39ans joie touslesjours mysterieux provocant seducteur chic raffine intense bleu panda";"<20ans 20.29ans 30.39ans 40.49ans amour liberte nostalgie touslesjours mysterieux calme insouciant doux chic classique intense vegetal fleuri epice rouge chat";"20.29ans 30.39ans tristesse nostalgie touslesjours imprevisible calme insouciant doux raffine frais boise animal vert cerf";"<20ans 20.29ans liberte tristesse nostalgie touslesjours imprevisible calme sauvage doux classique decontracte basique frais vegetal fleuri boise vert cheval";"<20ans amour liberte touslesjours fier mysterieux classique frais fleuri rouge oiseau";"<20ans 20.29ans tristesse contrariete nostalgie selonhumeur imprevisible mysterieux introverti sauvage timide insouciant decontracte sportwear frais fleuri boise agrume animal vert biche";"<20ans 20.29ans 30.39ans 40.49ans 50.59ans joie liberte pour.occasion.speciale imprevisible mysterieux sauvage timide insouciant seducteur doux chic sexy frais vegetal fleuri vanille agrume bleu azur biche";"20.29ans joie liberte nostalgie touslesjours imprevisible fier mysterieux provocant sauvage determine basique frais entetant epice fruite vert gazelle";"30.39ans 40.49ans amour liberte touslesjours mysterieux introverti chic raffine frais vegetal fleuri bleu oiseau";"20.29ans 30.39ans 40.49ans joie amour attirance touslesjours mysterieux calme timide seducteur doux chic pointemode raffine frais vegetal fleuri boise vanille vert chat";"20.29ans 30.39ans amour liberte attirance pour.occasion.speciale imprevisible mysterieux calme sauvage doux chic classique intense frais vegetal fruite animal rouge";"<20ans 30.39ans liberte selonhumeur calme timide doux classique fleuri boise vert chat";"<20ans 20.29ans liberte nostalgie selonhumeur mysterieux calme sauvage enfantin classique sucre vanille entetant epice vert oiseau";"20.29ans 30.39ans 40.49ans joie liberte touslesjours extraverti calme doux classique frais vegetal fleuri rouge oiseau";"<20ans 20.29ans amour liberte pour.occasion.speciale imprevisible mysterieux insouciant enfantin decontracte extravagant basique frais fleuri boise vanille vert oiseau";"20.29ans joie liberte nostalgie pour.occasion.speciale selonhumeur imprevisible mysterieux calme doux decontracte basique frais vegetal fleuri vert oiseau";"<20ans 20.29ans joie liberte surprise attirance touslesjours imprevisible extraverti optimiste manipulateur determine chic basique frais vegetal fleuri boise vanille epice fruite vert oiseau";"20.29ans 30.39ans 40.49ans 50.59ans >60ans surprise contrariete touslesjours introverti optimiste manipulateur insouciant seducteur classique basique frais vegetal fleuri sucre boise vanille agrume bleu chien";"30.39ans amour surprise attirance pour.occasion.speciale fier provocant manipulateur determine chic raffine fleuri entetant epice fruite jaune oiseau";"20.29ans joie nostalgie attirance mysterieux optimiste timide doux chic sexy frais fleuri vanille fruite rouge tigre";"<20ans >60ans joie liberte nostalgie selonhumeur calme introverti sauvage timide determine basique vegetal fleuri sucre boise animal gris aigle";"20.29ans 30.39ans joie liberte touslesjours mysterieux calme optimiste doux classique raffine frais vegetal fleuri fruite vert oiseau";"30.39ans tristesse nostalgie pour.occasion.speciale calme introverti timide classique basique frais vegetal blanc paresseux";"50.59ans liberte surprise peur attirance pour.occasion.speciale imprevisible fier extraverti provocant sauvage manipulateur insouciant seducteur determine sexy intense fleuri boise entetant epice animal jaune";"<20ans 20.29ans joie liberte attirance touslesjours imprevisible sauvage seducteur classique pointemode raffine frais boise animal rouge animal sauvage";"30.39ans liberte attirance pour.occasion.speciale fier calme seducteur chic pointemode boise vert tigre";"20.29ans joie amour liberte attirance touslesjours selonhumeur extraverti calme seducteur decontracte raffine frais fleuri epice fruite rose chat";"joie liberte touslesjours calme introverti timide enfantin doux decontracte frais vegetal fleuri blanc colombe";"30.39ans 40.49ans liberte pour.occasion.speciale fier sauvage optimiste insouciant determine chic intense sucre boise entetant agrume fruite blanc lion";"<20ans joie liberte touslesjours enfantin doux decontracte sportwear fleuri vanille agrume fruite rouge chat";"<20ans 20.29ans joie liberte touslesjours mysterieux optimiste insouciant doux decontracte basique raffine frais vegetal fleuri rouge papillon";"20.29ans 30.39ans 40.49ans liberte contrariete selonhumeur fier mysterieux calme introverti optimiste timide enfantin chic classique decontracte basique vegetal fleuri boise vanille epice agrume fruite rouge pigeon";"40.49ans 50.59ans nostalgie touslesjours calme doux basique frais boise entetant beige elephant";"<20ans joie amour liberte selonhumeur mysterieux timide enfantin decontracte basique frais fleuri sucre fruite rouge chevreuil";"<20ans 20.29ans joie amour liberte selonhumeur imprevisible extraverti enfantin decontracte extravagant frais vegetal fleuri sucre fruite rouge oiseau";"30.39ans liberte surprise selonhumeur imprevisible mysterieux insouciant doux chic frais boise vanille agrume bordeaux faucon";"20.29ans liberte tristesse touslesjours mysterieux calme introverti sauvage doux decontracte frais vegetal fleuri vanille fruite vert chien";"30.39ans liberte pour.occasion.speciale seducteur extravagant frais fleuri sucre rouge koala";"<20ans 20.29ans joie liberte selonhumeur calme introverti timide enfantin doux basique raffine vegetal vert oiseau";"30.39ans 40.49ans joie liberte selonhumeur calme optimiste determine chic classique frais vegetal fleuri fruite noir chat";"<20ans 20.29ans liberte touslesjours imprevisible fier insouciant enfantin pointemode sportwear intense frais epice fruite animal bleu rouge noir ecureuil";"<20ans 20.29ans touslesjours mysterieux calme introverti timide insouciant enfantin doux classique basique frais fleuri sucre vanille agrume fruite blanc lapin";"20.29ans 30.39ans joie amour liberte touslesjours fier mysterieux seducteur determine doux chic pointemode raffine frais vegetal fleuri sucre agrume jaune leopard";"<20ans 20.29ans amour nostalgie touslesjours calme introverti sauvage timide doux decontracte extravagant basique raffine frais vegetal fleuri sucre boise agrume fruite rouge cerf";"20.29ans 30.39ans surprise tristesse selonhumeur imprevisible mysterieux calme chic decontracte basique frais vegetal boise epice fruite vert cerf";"20.29ans joie amour liberte attirance touslesjours imprevisible fier extraverti mysterieux calme optimiste timide insouciant enfantin seducteur doux classique basique frais vegetal fleuri rouge kangourou";"20.29ans 30.39ans amour liberte tristesse nostalgie selonhumeur calme seducteur doux raffine fruite rouge oiseau";"<20ans 20.29ans 30.39ans joie liberte surprise selonhumeur mysterieux calme introverti timide enfantin doux decontracte basique intense vegetal fleuri boise agrume vert renne";"<20ans 20.29ans liberte tristesse nostalgie touslesjours imprevisible calme sauvage doux classique decontracte basique frais vegetal fleuri boise vert cheval";"20.29ans surprise nostalgie touslesjours imprevisible mysterieux timide doux classique frais vegetal fleuri sucre epice rouge oiseau";"20.29ans liberte nostalgie selonhumeur mysterieux calme timide decontracte frais vegetal boise gris lapin";"20.29ans amour surprise attirance selonhumeur imprevisible calme provocant sauvage classique decontracte basique raffine frais fleuri sucre vanille rouge lapin";"20.29ans 30.39ans 40.49ans 50.59ans nostalgie attirance touslesjours calme timide doux classique decontracte frais vegetal fleuri agrume rose pale biche";"<20ans joie amour liberte touslesjours mysterieux calme introverti insouciant enfantin decontracte basique frais vegetal sucre fruite blanc chat";"<20ans joie amour liberte pour.occasion.speciale optimiste insouciant enfantin seducteur decontracte basique frais fleuri sucre fruite jaune lapin";"<20ans joie liberte touslesjours calme timide insouciant enfantin decontracte basique frais fleuri sucre vanille fruite rose chat";"20.29ans joie liberte selonhumeur imprevisible mysterieux sauvage insouciant determine raffine frais vegetal vanille animal blanc loup";"20.29ans 30.39ans liberte peur touslesjours mysterieux sauvage timide chic decontracte frais fleuri fruite rouge papillon";"40.49ans nostalgie selonhumeur mysterieux determine raffine intense entetant epice rouge papillon";"<20ans 20.29ans liberte pour.occasion.speciale mysterieux sauvage insouciant decontracte frais vegetal boise vert aigle";"30.39ans 40.49ans 50.59ans >60ans tristesse nostalgie attirance touslesjours pour.occasion.speciale selonhumeur fier calme optimiste determine doux chic classique raffine intense vegetal fleuri boise epice animal dore tortue";"20.29ans 30.39ans amour surprise touslesjours mysterieux calme manipulateur seducteur doux classique pointemode basique raffine frais vegetal fleuri sucre rouge papillon";"<20ans 20.29ans amour liberte touslesjours fier optimiste classique raffine frais fleuri sucre agrume fruite rouge coccinelle";"20.29ans amour attirance touslesjours provocant sauvage seducteur sexy sucre vanille entetant animal rouge aigle";"<20ans 20.29ans amour liberte pour.occasion.speciale imprevisible mysterieux insouciant enfantin decontracte extravagant basique frais fleuri boise vanille vert oiseau";"<20ans 20.29ans 30.39ans 40.49ans joie amour liberte attirance selonhumeur extraverti mysterieux sauvage optimiste timide seducteur determine doux pointemode intense vegetal fleuri sucre entetant epice agrume fruite Bleu oiseau";"40.49ans 50.59ans nostalgie touslesjours calme doux basique frais boise entetant beige elephant";"20.29ans 30.39ans 40.49ans 50.59ans >60ans liberte nostalgie touslesjours mysterieux calme introverti doux decontracte basique intense fleuri boise epice animal vert tortue";"30.39ans 40.49ans joie liberte nostalgie pour.occasion.speciale mysterieux optimiste determine doux classique decontracte basique frais fleuri vanille fruite bleu chat";"20.29ans joie liberte peur nostalgie selonhumeur imprevisible mysterieux introverti timide classique intense vegetal boise entetant vert cameleon";"<20ans joie amour liberte surprise selonhumeur imprevisible calme optimiste timide enfantin doux decontracte basique frais agrume fruite bleu vert oiseau";"<20ans amour liberte tristesse selonhumeur mysterieux calme timide enfantin raffine intense frais boise fruite animal rouge vert cerf";"20.29ans joie amour surprise nostalgie touslesjours mysterieux calme sauvage optimiste timide seducteur determine decontracte intense vegetal fleuri sucre rouge coccinelle";"<20ans 20.29ans liberte nostalgie attirance mysterieux calme sauvage timide seducteur decontracte sexy frais vegetal fleuri fruite vert cerf";"20.29ans liberte surprise attirance touslesjours imprevisible sauvage insouciant chic decontracte frais vegetal sucre boise vanille fruite animal brun biche";"30.39ans 40.49ans liberte surprise nostalgie selonhumeur calme sauvage doux frais vegetal fleuri agrume animal bleu ecureuil";"<20ans 20.29ans 30.39ans touslesjours mysterieux calme sauvage optimiste determine doux classique decontracte sportwear basique frais vegetal boise epice animal vert cheval";"20.29ans 30.39ans 40.49ans liberte nostalgie pour.occasion.speciale calme sauvage timide doux classique decontracte basique intense vegetal boise vert cheval";"20.29ans joie amour liberte attirance touslesjours provocant sauvage optimiste insouciant seducteur classique decontracte sexy raffine intense frais fleuri sucre vanille entetant epice";"30.39ans joie amour liberte surprise nostalgie attirance touslesjours imprevisible fier extraverti calme provocant seducteur doux chic classique decontracte extravagant sexy intense frais vegetal fleuri sucre rouge lapin";"<20ans 20.29ans joie amour attirance touslesjours mysterieux calme classique basique sucre vanille entetant rouge";"20.29ans liberte nostalgie selonhumeur imprevisible fier mysterieux calme introverti sauvage insouciant decontracte intense boise vanille epice animal vert loup aigle";"20.29ans 30.39ans 40.49ans joie amour tristesse attirance touslesjours imprevisible mysterieux calme sauvage optimiste seducteur determine pointemode sexy raffine intense sucre vanille animal bleu lapin";"30.39ans 40.49ans 50.59ans >60ans liberte nostalgie attirance touslesjours mysterieux calme introverti sauvage timide determine chic raffine intense fleuri vanille beige chat";"<20ans joie amour liberte tristesse contrariete nostalgie selonhumeur mysterieux calme enfantin doux classique decontracte basique frais vegetal fleuri boise agrume fruite rouge panda";"20.29ans 30.39ans amour attirance selonhumeur sauvage optimiste manipulateur decontracte sexy intense entetant epice animal orange chat"
"Hypnotic";"30.39ans 40.49ans liberte surprise attirance touslesjours fier extraverti seducteur determine chic pointemode sexy raffine intense frais vanille fruite rouge lion";"30.39ans 40.49ans amour surprise attirance pour.occasion.speciale imprevisible fier extraverti provocant sauvage jaloux manipulateur seducteur determine chic pointemode sexy intense sucre boise vanille entetant epice rouge panthere";"20.29ans amour liberte touslesjours extraverti provocant seducteur sexy boise entetant epice animal bordeaux";"20.29ans 30.39ans 40.49ans 50.59ans surprise tristesse pour.occasion.speciale mysterieux introverti seducteur doux raffine intense boise vanille epice orange guepard";"20.29ans 30.39ans contrariete pour.occasion.speciale fier provocant sauvage doux sexy intense entetant epice agrume fruite animal rouge sombre aigle";"30.39ans attirance pour.occasion.speciale seducteur determine chic sexy raffine intense sucre entetant fruite rouge lionne";"20.29ans 30.39ans amour liberte attirance touslesjours mysterieux provocant manipulateur seducteur chic pointemode sexy intense fleuri sucre epice animal rouge cygne";"20.29ans contrariete peur touslesjours imprevisible fier provocant seducteur determine sexy intense entetant epice fruite animal";"30.39ans amour attirance touslesjours imprevisible provocant manipulateur seducteur determine chic raffine intense sucre vanille entetant rose panthere";"<20ans amour attirance selonhumeur imprevisible provocant sauvage seducteur determine sexy intense vanille epice rouge panthere";"20.29ans surprise attirance pour.occasion.speciale extraverti provocant sauvage manipulateur seducteur determine pointemode sexy intense sucre vanille entetant epice orange lion";"20.29ans liberte attirance touslesjours mysterieux calme optimiste determine doux chic raffine frais fleuri entetant or lion";"20.29ans 30.39ans 40.49ans amour attirance touslesjours pour.occasion.speciale imprevisible seducteur chic classique sexy frais sucre fruite beige rose antilope";"20.29ans attirance touslesjours fier seducteur determine sexy intense beige guepard";"<20ans joie amour attirance touslesjours imprevisible mysterieux timide enfantin raffine intense frais vanille epice rouge chat";"20.29ans attirance selonhumeur provocant manipulateur seducteur chic sexy sucre epice rouge taureau";"30.39ans degout peur touslesjours extraverti provocant jaloux manipulateur seducteur determine chic classique basique entetant epice animal bleu extraterrestre";"20.29ans 40.49ans joie amour liberte surprise attirance selonhumeur imprevisible fier extraverti mysterieux provocant sauvage seducteur chic extravagant sexy intense vegetal fleuri sucre entetant animal rouge chat";"20.29ans surprise attirance touslesjours imprevisible mysterieux provocant manipulateur seducteur sexy raffine intense entetant epice rouge cougar";"20.29ans 30.39ans attirance selonhumeur imprevisible mysterieux provocant manipulateur seducteur decontracte sexy intense vanille entetant epice rouge renard";"20.29ans amour touslesjours introverti seducteur pointemode fleuri sucre vanille fruite rose cheval";"20.29ans liberte contrariete touslesjours fier calme optimiste doux decontracte pointemode intense vegetal epice agrume bleu cheval";"30.39ans 40.49ans liberte attirance selonhumeur fier extraverti sauvage jaloux seducteur sexy raffine intense boise entetant epice animal orange tigre";"20.29ans surprise selonhumeur extraverti provocant seducteur sexy intense sucre rouge panthere";"<20ans 20.29ans joie amour liberte nostalgie attirance pour.occasion.speciale selonhumeur mysterieux sauvage optimiste enfantin seducteur doux sexy raffine intense fleuri sucre boise epice fruite rouge chat";"20.29ans joie amour surprise attirance touslesjours pour.occasion.speciale mysterieux calme optimiste timide jaloux doux chic decontracte extravagant raffine intense frais vegetal boise vanille fruite";"20.29ans joie selonhumeur mysterieux calme provocant seducteur pointemode sexy fleuri rouge chat";"30.39ans 40.49ans amour attirance pour.occasion.speciale imprevisible calme determine chic pointemode raffine intense or lion";"<20ans joie amour touslesjours optimiste timide insouciant basique fleuri sucre fruite rouge lapin";"20.29ans liberte attirance touslesjours mysterieux calme optimiste determine doux chic raffine frais fleuri entetant or lion";"20.29ans amour surprise attirance touslesjours fier mysterieux seducteur chic raffine intense entetant epice rouge hermine";"20.29ans attirance selonhumeur imprevisible fier mysterieux seducteur chic raffine intense frais vanille rouge tigre";"30.39ans touslesjours imprevisible seducteur pointemode raffine entetant jaune panthere";"30.39ans 40.49ans 50.59ans amour attirance selonhumeur imprevisible fier mysterieux seducteur determine chic classique raffine intense frais boise vanille epice orange lion";"30.39ans 40.49ans attirance touslesjours mysterieux sauvage manipulateur seducteur sexy raffine agrume animal noir chienne";"20.29ans liberte attirance selonhumeur extraverti provocant seducteur pointemode sexy intense entetant epice animal bleu panthere";"20.29ans 30.39ans tristesse attirance pour.occasion.speciale fier mysterieux manipulateur seducteur chic pointemode raffine epice agrume noir chat";"<20ans amour attirance selonhumeur imprevisible provocant sauvage seducteur determine sexy intense vanille epice rouge panthere";"20.29ans amour attirance pour.occasion.speciale fier mysterieux provocant manipulateur seducteur determine chic extravagant sexy raffine intense boise entetant fruite animal dore licorne";"30.39ans 40.49ans 50.59ans liberte surprise contrariete peur pour.occasion.speciale selonhumeur fier extraverti insouciant chic classique intense entetant marron ours";"20.29ans 30.39ans attirance pour.occasion.speciale mysterieux seducteur determine chic pointemode intense entetant rouge cheval";"20.29ans amour tristesse touslesjours pour.occasion.speciale timide jaloux insouciant enfantin seducteur doux chic sexy basique frais fleuri sucre vanille rouge lynx";"50.59ans >60ans attirance selonhumeur provocant sauvage seducteur chic raffine intense boise entetant epice animal noir panthere";"30.39ans amour surprise attirance touslesjours mysterieux calme seducteur determine doux sexy intense vegetal boise entetant epice rouge felin";"20.29ans 30.39ans 40.49ans liberte attirance touslesjours imprevisible extraverti sauvage seducteur determine chic pointemode sexy intense fleuri beige lion";"20.29ans tristesse touslesjours fier optimiste determine sexy basique intense boise entetant epice noir reptile";"30.39ans tristesse contrariete peur attirance pour.occasion.speciale mysterieux calme introverti raffine vegetal fleuri sucre vanille epice fruite rouge corbeau";"<20ans 20.29ans amour surprise attirance touslesjours sauvage timide seducteur doux classique pointemode intense frais sucre entetant fruite rose mante-religieuse";"30.39ans liberte attirance pour.occasion.speciale mysterieux provocant manipulateur seducteur extravagant fleuri vanille bleu chat";"30.39ans 40.49ans surprise attirance pour.occasion.speciale imprevisible fier extraverti provocant manipulateur seducteur determine chic sexy intense sucre boise entetant epice animal blanc crocodile";"20.29ans amour liberte touslesjours fier calme seducteur determine chic sexy raffine frais vegetal boise noir brebis";"30.39ans amour liberte attirance pour.occasion.speciale fier mysterieux optimiste seducteur determine chic sexy raffine intense boise animal beige loup";"20.29ans 30.39ans joie amour nostalgie attirance touslesjours imprevisible mysterieux calme seducteur doux raffine vegetal fleuri boise vanille agrume rose dauphin";"<20ans tristesse peur attirance touslesjours calme introverti timide doux basique raffine frais boise rouge biche";"20.29ans 30.39ans attirance touslesjours imprevisible sauvage seducteur determine doux chic raffine intense sucre or panthere";"20.29ans 30.39ans joie liberte pour.occasion.speciale selonhumeur fier provocant manipulateur seducteur determine chic sexy intense sucre entetant epice bleu renard";"<20ans 20.29ans joie liberte touslesjours calme sauvage optimiste determine doux decontracte basique raffine frais vegetal fleuri sucre agrume vert perroquet";"40.49ans nostalgie touslesjours calme provocant determine chic intense boise entetant rouge cygne";"20.29ans amour attirance selonhumeur imprevisible calme insouciant seducteur chic classique frais fleuri vanille fruite rose beige chat";"20.29ans 30.39ans surprise attirance selonhumeur imprevisible fier mysterieux provocant sauvage jaloux manipulateur seducteur determine pointemode raffine intense animal rouge violet lion";"<20ans 20.29ans amour liberte selonhumeur imprevisible mysterieux provocant seducteur sexy intense sucre boise vanille entetant animal rouge panthere";"20.29ans surprise peur selonhumeur imprevisible mysterieux provocant sauvage manipulateur seducteur sexy sucre vanille entetant epice fruite animal violet serpent";"<20ans 20.29ans 30.39ans 40.49ans joie amour liberte peur attirance touslesjours mysterieux calme enfantin seducteur doux chic sexy raffine frais vegetal fleuri sucre fruite bleu flamant";"20.29ans amour attirance touslesjours imprevisible seducteur determine chic sexy intense boise entetant noir lion";"20.29ans 30.39ans 40.49ans attirance selonhumeur mysterieux jaloux classique basique raffine intense entetant blanc ours";"20.29ans amour liberte attirance selonhumeur imprevisible fier mysterieux provocant sauvage manipulateur seducteur determine sexy intense vanille violet fonce scorpion";"20.29ans amour selonhumeur extraverti provocant sauvage seducteur classique intense sucre animal rouge";"<20ans 20.29ans amour liberte attirance touslesjours selonhumeur imprevisible provocant sauvage seducteur determine classique extravagant sexy intense frais sucre epice animal pourpre lion";"20.29ans 30.39ans amour liberte touslesjours fier determine pointemode intense vegetal sucre epice jaune renard";"20.29ans amour attirance touslesjours mysterieux calme introverti optimiste timide seducteur decontracte basique vegetal fleuri sucre entetant rose aigle";"<20ans 20.29ans joie liberte surprise touslesjours calme timide enfantin doux decontracte sportwear basique vegetal sucre vanille epice violet lapin";"20.29ans amour attirance pour.occasion.speciale mysterieux calme sauvage seducteur pointemode sexy intense sucre entetant fruite rose colombe";"30.39ans surprise pour.occasion.speciale mysterieux basique intense orange lion";"20.29ans attirance provocant seducteur chic sexy intense sucre fruite rouge tigre";"20.29ans liberte surprise attirance pour.occasion.speciale imprevisible fier mysterieux provocant sauvage manipulateur determine chic extravagant pointemode sexy animal rose chien";"20.29ans amour surprise pour.occasion.speciale imprevisible sauvage classique pointemode entetant rouge girafe";"30.39ans attirance touslesjours imprevisible mysterieux provocant manipulateur seducteur determine chic extravagant sexy intense boise entetant epice agrume animal rouge felin";"40.49ans surprise peur pour.occasion.speciale mysterieux manipulateur seducteur extravagant intense entetant animal rouge serpent";"20.29ans 30.39ans 40.49ans amour tristesse attirance selonhumeur imprevisible mysterieux calme provocant enfantin seducteur determine raffine intense frais fleuri sucre epice animal noir loutre";"30.39ans amour touslesjours calme sauvage doux sexy fruite rose chat";"30.39ans 40.49ans 50.59ans amour liberte attirance pour.occasion.speciale fier provocant sauvage manipulateur seducteur determine chic sexy raffine intense boise entetant animal rouge panthere";"<20ans 20.29ans 30.39ans 40.49ans joie amour nostalgie attirance touslesjours mysterieux calme introverti timide enfantin seducteur doux chic sexy raffine intense frais fleuri sucre epice agrume fruite chair blanc cygne";"20.29ans amour attirance touslesjours mysterieux jaloux seducteur pointemode sexy intense sucre vanille fruite animal rouge chat";"20.29ans liberte attirance pour.occasion.speciale imprevisible mysterieux provocant sauvage seducteur doux chic pointemode sexy intense entetant animal noir panthere";"50.59ans >60ans tristesse contrariete touslesjours calme introverti classique entetant epice agrume gris herisson";"20.29ans 30.39ans amour liberte attirance pour.occasion.speciale imprevisible mysterieux calme sauvage doux chic classique intense frais vegetal fruite animal rouge";"20.29ans attirance pour.occasion.speciale mysterieux provocant seducteur pointemode sexy intense epice rouge panthere";"20.29ans amour attirance touslesjours mysterieux provocant seducteur sexy intense boise fruite rose lion";"20.29ans 30.39ans 40.49ans amour liberte attirance touslesjours extraverti sauvage seducteur classique pointemode intense entetant epice animal jaune cheval";"30.39ans 40.49ans 50.59ans amour attirance pour.occasion.speciale fier extraverti provocant sauvage manipulateur seducteur chic extravagant sexy raffine intense sucre boise vanille entetant animal jaune lion";"40.49ans 50.59ans attirance provocant sauvage seducteur classique pointemode intense entetant animal rouge cougar";"20.29ans 30.39ans amour liberte surprise attirance selonhumeur imprevisible mysterieux seducteur pointemode sexy raffine intense fleuri sucre boise vanille entetant noir leopard";"20.29ans 30.39ans 40.49ans 50.59ans >60ans surprise contrariete touslesjours introverti optimiste manipulateur insouciant seducteur classique basique frais vegetal fleuri sucre boise vanille agrume bleu chien";"20.29ans surprise attirance touslesjours mysterieux provocant timide seducteur pointemode sexy intense frais vanille rose chat";"20.29ans 30.39ans touslesjours mysterieux provocant doux pointemode intense sucre entetant rouge chat";"<20ans 20.29ans 30.39ans 40.49ans 50.59ans amour surprise attirance pour.occasion.speciale fier mysterieux calme sauvage seducteur determine doux chic sexy raffine intense frais epice rouge panthere";"20.29ans 30.39ans 40.49ans amour attirance pour.occasion.speciale imprevisible mysterieux sauvage seducteur chic classique intense fleuri boise epice orange faucon";"20.29ans liberte attirance touslesjours fier mysterieux provocant manipulateur seducteur determine chic pointemode sexy raffine intense fleuri sucre boise vanille epice animal or guepard";"20.29ans liberte tristesse peur attirance touslesjours imprevisible mysterieux calme introverti timide manipulateur seducteur decontracte frais vegetal boise entetant fruite bleu";"30.39ans 40.49ans amour attirance touslesjours calme optimiste seducteur doux classique raffine frais vanille agrume fruite bordeaux chien";"30.39ans amour attirance touslesjours imprevisible mysterieux seducteur determine decontracte intense rouge chat";"30.39ans 40.49ans amour liberte attirance touslesjours fier optimiste jaloux seducteur classique intense boise entetant epice jaune rouge lion";"<20ans amour attirance pour.occasion.speciale calme jaloux doux frais fleuri vanille rouge gazelle";"20.29ans amour attirance touslesjours mysterieux optimiste seducteur determine pointemode frais fleuri boise agrume rose chat";"30.39ans amour liberte surprise attirance touslesjours fier manipulateur seducteur determine chic pointemode raffine intense frais fleuri boise rose cheval";"30.39ans 40.49ans amour liberte attirance pour.occasion.speciale fier mysterieux seducteur chic sexy raffine intense boise vanille entetant epice rouge felin panthere";"30.39ans amour pour.occasion.speciale imprevisible extraverti provocant manipulateur seducteur decontracte pointemode sexy raffine intense entetant rouge lion";"20.29ans liberte attirance selonhumeur fier provocant timide manipulateur seducteur determine pointemode intense sucre epice animal rouge tigre";"30.39ans 40.49ans liberte attirance pour.occasion.speciale extraverti provocant sauvage manipulateur seducteur determine pointemode sexy intense vegetal sucre vanille agrume fruite rouge cougar";"20.29ans 30.39ans amour attirance pour.occasion.speciale mysterieux provocant manipulateur seducteur determine chic sexy raffine intense sucre vanille entetant animal rouge tigre";"20.29ans amour liberte attirance touslesjours extraverti provocant sauvage manipulateur seducteur extravagant sexy frais fleuri agrume fruite rose hirondelle";"20.29ans 30.39ans attirance touslesjours mysterieux calme seducteur determine classique sexy frais vegetal vanille fruite rose chat";"20.29ans amour attirance insouciant enfantin seducteur doux decontracte sexy frais sucre fruite rouge lapin";"30.39ans 40.49ans amour liberte attirance touslesjours fier extraverti seducteur pointemode intense fleuri rouge panthere";"20.29ans amour liberte attirance touslesjours provocant sauvage seducteur determine chic sexy intense fleuri entetant epice animal rouge panthere";"<20ans 20.29ans 30.39ans amour pour.occasion.speciale seducteur doux sexy frais fleuri sucre fruite rose gris cygne";"30.39ans selonhumeur fier provocant sauvage seducteur determine chic classique pointemode basique intense frais fleuri vanille fruite rouge tigre";"20.29ans 30.39ans liberte contrariete attirance selonhumeur fier calme provocant manipulateur seducteur doux extravagant intense frais sucre vanille epice fruite rouge cheval";"20.29ans 30.39ans amour liberte surprise attirance touslesjours fier mysterieux calme seducteur determine chic pointemode raffine intense frais fleuri sucre vanille epice agrume rose cygne";"20.29ans 30.39ans amour attirance pour.occasion.speciale mysterieux manipulateur seducteur determine sexy raffine intense entetant fruite animal rouge panthere";"<20ans 20.29ans amour attirance pour.occasion.speciale fier extraverti mysterieux provocant optimiste enfantin seducteur determine doux sexy intense sucre vanille entetant epice agrume rouge lion";"30.39ans contrariete pour.occasion.speciale manipulateur seducteur determine chic classique raffine entetant animal marron panthere felin";"20.29ans amour attirance touslesjours imprevisible extraverti mysterieux provocant sauvage jaloux manipulateur seducteur determine extravagant sexy intense sucre entetant epice fruite animal rouge renard";"20.29ans 30.39ans 40.49ans amour tristesse attirance selonhumeur imprevisible mysterieux calme provocant enfantin seducteur determine raffine intense frais fleuri sucre epice animal noir poisson";"20.29ans 30.39ans degout touslesjours fier mysterieux provocant manipulateur seducteur decontracte basique rouge tigresse";"20.29ans amour attirance touslesjours mysterieux provocant seducteur doux chic pointemode sexy raffine frais fleuri sucre vanille agrume fruite rose chat";"20.29ans amour surprise attirance selonhumeur imprevisible calme provocant sauvage classique decontracte basique raffine frais fleuri sucre vanille rouge lapin";"<20ans 20.29ans liberte nostalgie attirance touslesjours imprevisible mysterieux calme sauvage doux extravagant raffine frais vegetal fleuri boise violet chat";"30.39ans amour nostalgie attirance selonhumeur mysterieux calme determine classique raffine intense frais vegetal vanille agrume noir lion";"30.39ans 40.49ans amour liberte attirance touslesjours fier extraverti provocant seducteur determine chic pointemode sexy intense vegetal boise entetant epice animal bleu cerf";"20.29ans attirance pour.occasion.speciale mysterieux provocant seducteur chic sexy intense fleuri sucre entetant fruite animal rouge tigre";"20.29ans amour touslesjours introverti seducteur pointemode fleuri sucre vanille fruite rose cheval";"<20ans joie nostalgie selonhumeur sauvage timide enfantin basique intense sucre boise violet oiseau";"30.39ans 40.49ans 50.59ans >60ans amour attirance touslesjours imprevisible provocant optimiste seducteur chic pointemode raffine intense frais fleuri or tigre";"20.29ans amour attirance touslesjours imprevisible extraverti provocant seducteur classique sexy intense frais fleuri vanille bleu gazelle biche";"20.29ans 30.39ans 40.49ans joie liberte surprise selonhumeur imprevisible extraverti provocant sauvage manipulateur enfantin seducteur determine decontracte extravagant sportwear sexy basique intense sucre vanille entetant fruite animal bleu electrique tigre";"20.29ans 30.39ans amour surprise touslesjours mysterieux calme manipulateur seducteur doux classique pointemode basique raffine frais vegetal fleuri sucre rouge papillon";"20.29ans 30.39ans 40.49ans amour touslesjours calme determine chic raffine intense fleuri vanille rose serpent";"20.29ans amour attirance touslesjours provocant sauvage seducteur sexy sucre vanille entetant animal rouge aigle";"30.39ans 40.49ans 50.59ans amour attirance pour.occasion.speciale fier extraverti provocant sauvage manipulateur seducteur chic extravagant sexy raffine intense sucre boise vanille entetant animal jaune lion";"20.29ans 30.39ans liberte selonhumeur imprevisible fier sauvage determine chic sexy intense boise vanille entetant epice animal or tigre";"20.29ans liberte attirance selonhumeur fier provocant timide manipulateur seducteur determine pointemode intense sucre epice animal rouge tigre";"<20ans 20.29ans amour attirance touslesjours calme introverti timide doux classique basique raffine sucre entetant animal rouge lapin";"<20ans 20.29ans amour attirance pour.occasion.speciale calme provocant jaloux seducteur doux classique sexy basique frais vegetal fleuri sucre vanille fruite rouge tigre";"20.29ans joie amour liberte nostalgie selonhumeur imprevisible mysterieux calme manipulateur insouciant raffine frais fleuri vanille fruite rose cheval";"20.29ans liberte attirance touslesjours mysterieux provocant sauvage manipulateur seducteur chic raffine intense fleuri sucre rouge serpent tigresse";"20.29ans 30.39ans liberte contrariete nostalgie selonhumeur imprevisible mysterieux timide seducteur determine chic pointemode sexy intense boise entetant gris beige marron chat";"20.29ans amour attirance pour.occasion.speciale imprevisible extraverti mysterieux sauvage optimiste seducteur determine pointemode sexy intense frais vegetal fleuri boise entetant animal noir chat";"<20ans 20.29ans amour attirance touslesjours imprevisible fier mysterieux provocant sauvage manipulateur seducteur determine sexy intense boise epice animal rouge serpent";"40.49ans degout touslesjours mysterieux manipulateur raffine entetant gris serpent";"30.39ans peur pour.occasion.speciale imprevisible sauvage manipulateur sexy intense boise animal rouge dragon";"<20ans 20.29ans 30.39ans pour.occasion.speciale fier mysterieux calme provocant sauvage seducteur classique decontracte sexy intense frais epice animal rouge orange tigre";"<20ans 20.29ans amour attirance touslesjours extraverti provocant seducteur chic pointemode sexy frais sucre fruite rouge chat";"20.29ans 30.39ans amour surprise attirance selonhumeur mysterieux calme timide jaloux manipulateur seducteur sexy raffine intense vegetal boise entetant epice";"30.39ans joie amour liberte surprise nostalgie attirance touslesjours imprevisible fier extraverti calme provocant seducteur doux chic classique decontracte extravagant sexy intense frais vegetal fleuri sucre rouge lapin";"30.39ans 40.49ans liberte attirance pour.occasion.speciale fier seducteur determine chic classique intense fruite or";"20.29ans attirance touslesjours fier provocant jaloux manipulateur seducteur determine chic sexy intense frais vegetal fleuri sucre vanille entetant epice agrume fruite noir rouge panthere noire";"20.29ans attirance touslesjours manipulateur sexy fleuri rouge noir chatte";"30.39ans 40.49ans amour attirance selonhumeur imprevisible mysterieux provocant sauvage manipulateur seducteur determine pointemode sexy intense boise vanille entetant animal rouge renard";"40.49ans 50.59ans surprise pour.occasion.speciale imprevisible jaloux manipulateur classique basique vegetal vanille animal rouge serpent";"<20ans 20.29ans amour liberte nostalgie attirance pour.occasion.speciale fier mysterieux provocant sauvage manipulateur seducteur doux chic classique sexy raffine frais vegetal fleuri sucre fruite rouge tigre"
"Jadore";"30.39ans 40.49ans liberte surprise attirance touslesjours fier extraverti seducteur determine chic pointemode sexy raffine intense frais vanille fruite rouge lion";"40.49ans 50.59ans >60ans amour nostalgie attirance touslesjours fier sauvage optimiste jaloux seducteur determine chic raffine intense sucre boise entetant epice gris aigle";"40.49ans amour liberte attirance selonhumeur imprevisible fier extraverti mysterieux provocant seducteur chic sexy raffine intense boise vanille entetant epice dore lion";"30.39ans touslesjours fier calme determine chic raffine intense boise vanille epice dore lion";"30.39ans 40.49ans joie attirance selonhumeur fier calme provocant optimiste seducteur doux chic classique pointemode sexy frais vegetal entetant agrume fruite or jaune hirondelle";"30.39ans attirance pour.occasion.speciale seducteur determine chic sexy raffine intense sucre entetant fruite rouge lionne";"40.49ans liberte nostalgie touslesjours fier timide determine chic classique raffine vegetal boise epice jaune singe";"30.39ans 40.49ans tristesse attirance touslesjours extraverti calme sauvage manipulateur chic extravagant intense frais sucre entetant fruite jaune aigle";"30.39ans amour attirance touslesjours imprevisible provocant manipulateur seducteur determine chic raffine intense sucre vanille entetant rose panthere";"20.29ans 30.39ans liberte touslesjours sauvage optimiste manipulateur seducteur determine chic sexy intense frais vanille agrume fruite vert tigre";"30.39ans amour liberte attirance touslesjours mysterieux provocant manipulateur seducteur doux chic pointemode sexy raffine intense frais vegetal fleuri sucre jaune cheval";"20.29ans liberte attirance touslesjours mysterieux calme optimiste determine doux chic raffine frais fleuri entetant or lion";"30.39ans 40.49ans amour liberte attirance pour.occasion.speciale selonhumeur imprevisible extraverti provocant sauvage seducteur extravagant sexy raffine intense sucre fruite animal";"20.29ans peur attirance pour.occasion.speciale fier mysterieux sauvage manipulateur determine chic extravagant pointemode frais sucre entetant agrume dore lionne";"40.49ans 50.59ans >60ans nostalgie touslesjours calme classique intense fleuri entetant gris vache";"20.29ans attirance touslesjours fier extraverti insouciant chic raffine vegetal fleuri sucre bleu aigle";"50.59ans >60ans liberte degout touslesjours fier extraverti calme manipulateur determine chic classique boise entetant epice animal or chien";"30.39ans 40.49ans amour attirance pour.occasion.speciale fier mysterieux sauvage manipulateur seducteur determine chic classique raffine intense boise entetant epice animal argent cheval";"<20ans 30.39ans surprise attirance selonhumeur imprevisible fier provocant sauvage manipulateur seducteur determine chic extravagant intense entetant epice animal noir panthere";"20.29ans 30.39ans 40.49ans degout pour.occasion.speciale imprevisible extraverti provocant manipulateur seducteur determine chic pointemode sexy intense boise entetant animal jaune tigre";"20.29ans joie surprise pour.occasion.speciale imprevisible extraverti extravagant intense frais vanille animal orange chien";"30.39ans surprise attirance touslesjours imprevisible mysterieux sauvage jaloux manipulateur seducteur chic sexy intense sucre boise agrume violet lion";"40.49ans 50.59ans >60ans amour attirance touslesjours fier calme determine chic classique raffine intense vegetal fleuri boise jaune chat";"30.39ans attirance touslesjours fier mysterieux calme determine chic pointemode raffine frais fleuri blanc lion";"20.29ans 30.39ans liberte nostalgie touslesjours selonhumeur fier mysterieux manipulateur seducteur determine chic sexy raffine intense sucre vanille orange lion";"20.29ans joie amour surprise attirance touslesjours pour.occasion.speciale mysterieux calme optimiste timide jaloux doux chic decontracte extravagant raffine intense frais vegetal boise vanille fruite";"30.39ans liberte pour.occasion.speciale provocant optimiste jaloux pointemode boise or lion";"30.39ans liberte touslesjours imprevisible mysterieux determine chic raffine vegetal boise bleu-violet cygne";"40.49ans 50.59ans >60ans nostalgie attirance calme manipulateur determine classique intense entetant epice jaune panthere";"20.29ans liberte attirance touslesjours mysterieux calme optimiste determine doux chic raffine frais fleuri entetant or lion";"20.29ans surprise degout pour.occasion.speciale imprevisible fier extraverti provocant manipulateur seducteur pointemode intense entetant epice agrume animal orange lion";"30.39ans 40.49ans surprise contrariete pour.occasion.speciale fier mysterieux determine chic extravagant intense boise entetant agrume jaune leopard";"30.39ans liberte touslesjours imprevisible fier provocant seducteur chic pointemode raffine intense entetant bleu nuit panthere";"30.39ans 40.49ans 50.59ans amour attirance selonhumeur imprevisible fier mysterieux seducteur determine chic classique raffine intense frais boise vanille epice orange lion";"40.49ans liberte nostalgie attirance pour.occasion.speciale fier provocant sauvage manipulateur seducteur chic sexy raffine intense entetant animal or lionne";"30.39ans 40.49ans attirance selonhumeur fier seducteur sexy intense entetant epice or cygne";"30.39ans 40.49ans attirance pour.occasion.speciale calme introverti determine chic raffine intense frais epice agrume jaune leopard";"20.29ans 30.39ans liberte touslesjours sauvage optimiste manipulateur seducteur determine chic sexy intense frais vanille agrume fruite vert tigre";"20.29ans amour attirance pour.occasion.speciale fier mysterieux provocant manipulateur seducteur determine chic extravagant sexy raffine intense boise entetant fruite animal dore licorne";"30.39ans 40.49ans 50.59ans liberte surprise contrariete peur pour.occasion.speciale selonhumeur fier extraverti insouciant chic classique intense entetant marron ours";"40.49ans 50.59ans nostalgie touslesjours fier manipulateur basique vanille epice noir chat";"30.39ans 40.49ans surprise attirance selonhumeur provocant seducteur determine sexy raffine intense sucre epice beige panthere";"40.49ans surprise attirance pour.occasion.speciale mysterieux provocant seducteur chic sexy raffine intense vanille agrume or jaune paon";"20.29ans joie liberte attirance touslesjours extraverti provocant sauvage insouciant seducteur chic intense entetant epice bleu cheval";"30.39ans 40.49ans liberte touslesjours pour.occasion.speciale mysterieux optimiste seducteur chic pointemode intense frais fleuri jaune chat";"30.39ans amour liberte attirance touslesjours mysterieux provocant optimiste seducteur determine chic pointemode sexy intense fleuri sucre entetant animal or felin";"50.59ans liberte attirance touslesjours fier extraverti provocant sauvage jaloux seducteur determine pointemode intense boise entetant epice animal blanc lion";"30.39ans 40.49ans liberte pour.occasion.speciale imprevisible fier timide determine chic classique raffine intense fleuri sucre entetant dore lionne";"20.29ans liberte attirance touslesjours imprevisible mysterieux provocant jaloux manipulateur doux chic classique intense fleuri boise fruite rose chien";"30.39ans 40.49ans surprise attirance pour.occasion.speciale imprevisible fier extraverti provocant manipulateur seducteur determine chic sexy intense sucre boise entetant epice animal blanc crocodile";"30.39ans liberte surprise nostalgie pour.occasion.speciale imprevisible sauvage seducteur chic sexy frais boise jaune vache";"50.59ans peur attirance calme doux classique intense vegetal entetant or chouette";"40.49ans amour surprise attirance touslesjours imprevisible provocant insouciant determine chic intense boise epice agrume jaune girafe";"40.49ans liberte contrariete touslesjours fier mysterieux provocant determine classique sexy raffine intense boise entetant animal or panthere";"20.29ans 30.39ans attirance touslesjours imprevisible sauvage seducteur determine doux chic raffine intense sucre or panthere";"20.29ans 30.39ans joie amour liberte touslesjours pour.occasion.speciale fier calme seducteur determine chic pointemode raffine intense frais fleuri agrume rose chien";"20.29ans 30.39ans joie pour.occasion.speciale calme optimiste doux chic pointemode raffine intense frais entetant agrume or renard";"40.49ans joie attirance touslesjours mysterieux calme optimiste classique intense frais vegetal jaune dauphin";"20.29ans 30.39ans 40.49ans joie liberte attirance pour.occasion.speciale fier extraverti seducteur pointemode sexy intense fleuri sucre vanille entetant or noir lionne";"30.39ans nostalgie pour.occasion.speciale imprevisible fier mysterieux introverti doux chic raffine fleuri rose chat";"30.39ans 40.49ans attirance touslesjours fier determine chic classique raffine frais vegetal fleuri bleu coq";"30.39ans 40.49ans attirance pour.occasion.speciale fier provocant seducteur determine chic extravagant pointemode raffine intense epice agrume or jaune cougar";"<20ans 20.29ans 30.39ans 40.49ans amour liberte attirance touslesjours imprevisible fier seducteur determine chic sexy intense frais vegetal fleuri argent lion";"30.39ans 40.49ans liberte attirance touslesjours imprevisible provocant manipulateur seducteur chic sexy intense boise entetant jaune tigre";"30.39ans peur touslesjours imprevisible fier introverti chic pointemode vegetal entetant noir panthere";"30.39ans 40.49ans attirance touslesjours imprevisible manipulateur seducteur determine pointemode sexy intense entetant blanccre gazelle";"<20ans 20.29ans joie liberte attirance touslesjours fier seducteur determine decontracte pointemode raffine intense argente jaguar";"20.29ans 30.39ans 40.49ans amour liberte attirance touslesjours selonhumeur mysterieux introverti optimiste seducteur doux chic decontracte pointemode sexy raffine frais vegetal fleuri sucre entetant fruite or coquille saint jacques";"20.29ans 30.39ans amour liberte touslesjours fier determine pointemode intense vegetal sucre epice jaune renard";"30.39ans joie attirance fier calme manipulateur seducteur determine chic raffine intense sucre fruite rouge panthere";"<20ans 20.29ans joie liberte surprise touslesjours calme timide enfantin doux decontracte sportwear basique vegetal sucre vanille epice violet lapin";"30.39ans tristesse nostalgie pour.occasion.speciale fier mysterieux seducteur chic raffine intense boise entetant or aigle";"30.39ans liberte attirance touslesjours mysterieux jaloux decontracte sexy intense fruite bleu tigre";"30.39ans amour attirance pour.occasion.speciale fier calme seducteur chic intense animal jaune chat";"30.39ans joie attirance touslesjours imprevisible provocant manipulateur seducteur chic extravagant intense jaune chat";"30.39ans joie touslesjours mysterieux provocant seducteur chic raffine intense bleu panda";"40.49ans 50.59ans >60ans touslesjours seducteur chic raffine intense epice agrume animal jaune";"20.29ans 30.39ans 40.49ans 50.59ans amour attirance touslesjours fier calme seducteur chic pointemode raffine frais sucre vanille entetant orange lemurien";"30.39ans 40.49ans liberte surprise attirance touslesjours imprevisible fier extraverti mysterieux provocant seducteur determine chic pointemode sexy intense frais fleuri blanc cygne";"30.39ans attirance pour.occasion.speciale mysterieux seducteur raffine frais jaune serpent";"30.39ans joie liberte surprise touslesjours imprevisible extraverti optimiste chic pointemode raffine frais vegetal fleuri sucre fruite orange dauphin";"20.29ans 30.39ans liberte surprise attirance touslesjours imprevisible fier extraverti provocant sauvage optimiste jaloux manipulateur insouciant determine chic extravagant pointemode intense entetant epice fruite animal or pie";"30.39ans joie liberte attirance pour.occasion.speciale imprevisible fier extraverti provocant seducteur determine chic sexy intense boise entetant epice or lion";"30.39ans 40.49ans 50.59ans liberte nostalgie attirance touslesjours imprevisible provocant determine chic raffine intense entetant rouge lionne";"<20ans 20.29ans 30.39ans liberte attirance selonhumeur imprevisible fier provocant sauvage seducteur determine chic extravagant raffine intense sucre entetant epice animal or felin";"30.39ans 40.49ans 50.59ans amour attirance touslesjours imprevisible extraverti mysterieux sauvage seducteur determine doux chic pointemode raffine intense frais boise fruite or puma";"20.29ans surprise attirance touslesjours imprevisible extraverti manipulateur determine pointemode sexy intense epice agrume bleu lionne";"30.39ans attirance pour.occasion.speciale fier provocant manipulateur seducteur chic sexy raffine sucre vanille epice animal or jaguar";"30.39ans 40.49ans 50.59ans liberte touslesjours fier extraverti mysterieux seducteur chic raffine sucre vanille entetant animal jaune lion";"30.39ans 40.49ans 50.59ans amour attirance pour.occasion.speciale fier extraverti provocant sauvage manipulateur seducteur chic extravagant sexy raffine intense sucre boise vanille entetant animal jaune lion";"30.39ans 40.49ans joie amour pour.occasion.speciale calme optimiste determine doux raffine intense frais fleuri vanille jaune chat";"20.29ans 30.39ans liberte surprise attirance pour.occasion.speciale imprevisible fier extraverti optimiste manipulateur seducteur determine pointemode sexy raffine intense fleuri sucre boise vanille epice or jaune phoenix";"20.29ans 30.39ans attirance touslesjours imprevisible mysterieux determine doux chic decontracte raffine intense vegetal fleuri boise vanille entetant epice or oiseau";"30.39ans amour surprise attirance pour.occasion.speciale fier provocant manipulateur determine chic raffine fleuri entetant epice fruite jaune oiseau";"20.29ans liberte surprise attirance touslesjours fier mysterieux sauvage seducteur determine chic intense entetant epice jaune tigre";"<20ans 20.29ans 30.39ans 40.49ans 50.59ans amour surprise attirance pour.occasion.speciale fier mysterieux calme sauvage seducteur determine doux chic sexy raffine intense frais epice rouge panthere";"20.29ans 30.39ans 40.49ans amour attirance pour.occasion.speciale imprevisible mysterieux sauvage seducteur chic classique intense fleuri boise epice orange faucon";"20.29ans liberte attirance touslesjours fier mysterieux provocant manipulateur seducteur determine chic pointemode sexy raffine intense fleuri sucre boise vanille epice animal or guepard";"50.59ans liberte surprise peur attirance pour.occasion.speciale imprevisible fier extraverti provocant sauvage manipulateur insouciant seducteur determine sexy intense fleuri boise entetant epice animal jaune";"40.49ans 50.59ans >60ans nostalgie attirance pour.occasion.speciale extraverti manipulateur determine chic pointemode intense sucre entetant fruite dore caniche";"30.39ans liberte attirance pour.occasion.speciale fier calme seducteur chic pointemode boise vert tigre";"30.39ans 40.49ans amour liberte attirance touslesjours fier optimiste jaloux seducteur classique intense boise entetant epice jaune rouge lion";"20.29ans amour liberte attirance touslesjours imprevisible fier extraverti provocant sauvage manipulateur seducteur extravagant pointemode sexy intense sucre boise animal bleu tigre";"30.39ans 40.49ans liberte pour.occasion.speciale fier sauvage optimiste insouciant determine chic intense sucre boise entetant agrume fruite blanc lion";"50.59ans amour nostalgie touslesjours calme timide determine chic classique raffine frais entetant epice orange lynx";"30.39ans 40.49ans amour liberte attirance pour.occasion.speciale fier mysterieux seducteur chic sexy raffine intense boise vanille entetant epice rouge felin panthere";"30.39ans 40.49ans contrariete nostalgie touslesjours fier mysterieux calme introverti jaloux seducteur determine classique pointemode raffine frais vegetal boise vanille jaune pie";"30.39ans joie liberte touslesjours imprevisible extraverti provocant optimiste seducteur extravagant sexy intense sucre agrume fruite noir loup";"20.29ans 30.39ans 40.49ans liberte touslesjours fier provocant optimiste seducteur chic classique raffine intense frais fleuri boise vanille fruite jaune pie";"40.49ans 50.59ans attirance pour.occasion.speciale seducteur chic classique raffine intense animal jaune panthere";"20.29ans joie surprise attirance touslesjours fier extraverti sauvage insouciant chic intense epice animal bleu lapin";"30.39ans joie liberte attirance pour.occasion.speciale imprevisible fier extraverti sauvage chic sexy raffine intense fleuri sucre entetant noir panthere";"40.49ans amour attirance pour.occasion.speciale mysterieux provocant seducteur chic intense fleuri entetant or panthere";"30.39ans 40.49ans amour liberte attirance touslesjours fier extraverti seducteur pointemode intense fleuri rouge panthere";"30.39ans 40.49ans joie liberte selonhumeur calme optimiste determine chic classique frais vegetal fleuri fruite noir chat";"20.29ans 30.39ans 40.49ans joie amour pour.occasion.speciale mysterieux calme seducteur classique raffine frais fleuri sucre boise noir jaune leopard tigre";"20.29ans 30.39ans amour degout touslesjours provocant manipulateur seducteur determine chic sexy frais fleuri fruite rouge lion";"20.29ans 30.39ans joie amour liberte touslesjours fier mysterieux seducteur determine doux chic pointemode raffine frais vegetal fleuri sucre agrume jaune leopard";"30.39ans 40.49ans 50.59ans >60ans touslesjours fier provocant jaloux manipulateur determine chic pointemode intense entetant jaune lion";"30.39ans 40.49ans nostalgie pour.occasion.speciale fier mysterieux calme manipulateur determine chic classique raffine intense frais entetant epice or leopard";"<20ans joie liberte nostalgie touslesjours provocant optimiste insouciant seducteur determine doux pointemode sexy intense fleuri sucre vanille entetant fruite noir cheval";"30.39ans contrariete pour.occasion.speciale manipulateur seducteur determine chic classique raffine entetant animal marron panthere felin";"30.39ans 40.49ans 50.59ans >60ans joie amour liberte surprise nostalgie attirance touslesjours fier extraverti mysterieux calme provocant optimiste seducteur doux chic pointemode sexy raffine intense sucre entetant epice dore lion";"30.39ans 40.49ans liberte surprise attirance touslesjours imprevisible fier extraverti mysterieux provocant seducteur determine chic pointemode sexy intense frais fleuri blanc cygne";"20.29ans 30.39ans 40.49ans 50.59ans >60ans liberte touslesjours pour.occasion.speciale selonhumeur calme doux chic classique raffine intense entetant dore chat";"20.29ans amour liberte touslesjours calme doux raffine fleuri vanille fruite rouge";"30.39ans liberte attirance touslesjours fier extraverti provocant manipulateur seducteur determine chic extravagant pointemode sexy intense vegetal fleuri boise entetant agrume jaune tigre";"20.29ans 30.39ans 40.49ans attirance pour.occasion.speciale imprevisible fier provocant determine chic classique sexy intense boise entetant agrume dore dauphin";"20.29ans joie liberte pour.occasion.speciale imprevisible fier extraverti provocant sauvage extravagant pointemode sexy intense boise fruite animal gris argente chouette";"30.39ans 40.49ans amour liberte attirance touslesjours fier extraverti provocant seducteur determine chic pointemode sexy intense vegetal boise entetant epice animal bleu cerf";"30.39ans joie surprise attirance touslesjours fier mysterieux provocant determine chic raffine intense frais fleuri vanille fruite animal jaune guepard";"20.29ans joie surprise pour.occasion.speciale imprevisible extraverti extravagant intense frais vanille animal orange chien";"30.39ans 40.49ans tristesse nostalgie touslesjours calme classique intense boise epice jaune coccinelle";"30.39ans 40.49ans amour liberte attirance touslesjours imprevisible fier provocant seducteur determine chic extravagant pointemode intense entetant epice or argent jaguar";"30.39ans liberte attirance touslesjours imprevisible determine chic raffine intense animal jaune tigre";"30.39ans 40.49ans 50.59ans >60ans tristesse nostalgie attirance touslesjours pour.occasion.speciale selonhumeur fier calme optimiste determine doux chic classique raffine intense vegetal fleuri boise epice animal dore tortue";"30.39ans 40.49ans amour surprise attirance selonhumeur fier mysterieux calme seducteur doux classique intense boise vanille epice agrume fruite dore chat";"<20ans 20.29ans 30.39ans 40.49ans joie liberte attirance pour.occasion.speciale extraverti provocant seducteur sexy intense vanille epice noir chauve-souris";"20.29ans 30.39ans 40.49ans amour liberte touslesjours imprevisible fier mysterieux sauvage seducteur classique pointemode intense vegetal fleuri vanille fruite jaune tigre";"30.39ans 40.49ans 50.59ans amour attirance pour.occasion.speciale fier extraverti provocant sauvage manipulateur seducteur chic extravagant sexy raffine intense sucre boise vanille entetant animal jaune lion";"<20ans 20.29ans 30.39ans 40.49ans joie amour liberte attirance selonhumeur extraverti mysterieux sauvage optimiste timide seducteur determine doux pointemode intense vegetal fleuri sucre entetant epice agrume fruite Bleu oiseau";"30.39ans joie liberte touslesjours imprevisible extraverti provocant optimiste seducteur extravagant sexy intense sucre agrume fruite noir loup";"<20ans 20.29ans 40.49ans liberte selonhumeur imprevisible mysterieux provocant determine chic extravagant frais vegetal sucre agrume bleu guepard";"20.29ans amour liberte surprise attirance touslesjours imprevisible extraverti provocant seducteur chic pointemode sexy intense frais sucre epice animal violet panthere";"30.39ans liberte attirance touslesjours provocant sauvage seducteur determine chic intense epice jaune lion";"30.39ans amour attirance pour.occasion.speciale fier determine extravagant pointemode intense boise epice animal violet lion";"20.29ans 30.39ans amour liberte attirance pour.occasion.speciale imprevisible fier provocant sauvage manipulateur seducteur determine chic sexy intense boise entetant animal bleu dore guepard panthere";"20.29ans amour liberte surprise attirance pour.occasion.speciale fier extraverti provocant optimiste manipulateur seducteur determine chic extravagant raffine intense fleuri entetant fruite animal or panthere";"30.39ans 40.49ans 50.59ans joie liberte surprise pour.occasion.speciale imprevisible extraverti provocant seducteur extravagant sexy frais vanille fruite argent cygne";"20.29ans amour liberte attirance pour.occasion.speciale imprevisible fier mysterieux provocant seducteur chic pointemode raffine intense boise vanille epice or chat";"20.29ans 30.39ans liberte attirance pour.occasion.speciale mysterieux provocant seducteur chic sexy sucre vanille epice fruite rouge chat";"20.29ans 30.39ans 40.49ans 50.59ans >60ans pour.occasion.speciale fier mysterieux calme manipulateur determine chic raffine intense frais fleuri epice agrume bleu perroquet";"20.29ans 30.39ans amour liberte attirance touslesjours fier seducteur determine chic pointemode raffine intense vegetal fleuri or lion";"30.39ans 40.49ans surprise pour.occasion.speciale fier sauvage determine chic pointemode intense entetant or panthere";"30.39ans joie amour liberte surprise attirance touslesjours imprevisible fier calme provocant seducteur doux chic classique pointemode sexy raffine intense frais fleuri sucre vanille rose chat";"30.39ans 40.49ans liberte attirance pour.occasion.speciale fier seducteur determine chic classique intense fruite or";"20.29ans attirance touslesjours fier provocant jaloux manipulateur seducteur determine chic sexy intense frais vegetal fleuri sucre vanille entetant epice agrume fruite noir rouge panthere noire";"20.29ans 30.39ans 40.49ans joie amour tristesse attirance touslesjours imprevisible mysterieux calme sauvage optimiste seducteur determine pointemode sexy raffine intense sucre vanille animal bleu lapin";"20.29ans 30.39ans 40.49ans 50.59ans joie liberte pour.occasion.speciale imprevisible extraverti mysterieux sauvage manipulateur seducteur determine chic extravagant sexy raffine intense sucre boise vanille agrume fruite bleu dauphin";"30.39ans 40.49ans liberte touslesjours imprevisible fier extraverti provocant optimiste seducteur determine chic extravagant intense frais fleuri sucre agrume fruite or lionne";"<20ans 20.29ans joie amour tristesse touslesjours calme timide enfantin chic frais sucre agrume animal jaune cheval"
"La.Petite.Robe.Noire";"<20ans 20.29ans joie liberte peur touslesjours imprevisible calme provocant introverti timide insouciant enfantin decontracte pointemode sexy frais vegetal fleuri agrume fruite rose fourmie";"20.29ans joie amour liberte nostalgie selonhumeur imprevisible mysterieux calme sauvage insouciant seducteur doux classique decontracte basique frais vegetal sucre vanille epice animal rose biche";"20.29ans 30.39ans joie surprise pour.occasion.speciale fier extraverti determine chic pointemode raffine frais sucre boise noir chat";"20.29ans 30.39ans joie liberte surprise touslesjours extraverti mysterieux provocant seducteur determine extravagant pointemode intense frais fleuri vanille entetant epice beige gazelle";"<20ans 20.29ans joie pour.occasion.speciale imprevisible timide insouciant enfantin doux chic pointemode raffine frais vegetal sucre vanille rose pale chat";"<20ans amour liberte touslesjours fier timide insouciant enfantin classique decontracte frais fleuri rose lapin";"20.29ans contrariete touslesjours optimiste manipulateur determine chic raffine boise epice animal noir goelan";"<20ans 20.29ans joie amour liberte selonhumeur imprevisible fier mysterieux timide enfantin chic raffine frais vegetal sucre vanille fruite rose chat";"<20ans amour attirance touslesjours imprevisible enfantin seducteur determine pointemode intense sucre fruite rouge chat";"<20ans joie liberte surprise touslesjours imprevisible fier extraverti insouciant pointemode intense sucre vanille agrume noir paon";"<20ans joie amour liberte attirance selonhumeur calme introverti timide enfantin doux basique frais fleuri blanc coccinelle";"20.29ans liberte attirance touslesjours mysterieux calme optimiste determine doux chic raffine frais fleuri entetant or lion";"20.29ans liberte peur touslesjours extraverti mysterieux timide enfantin extravagant raffine frais sucre rose panthere";"20.29ans joie liberte surprise selonhumeur extraverti sauvage insouciant extravagant vanille orange fourmie";"<20ans 20.29ans 30.39ans surprise attirance pour.occasion.speciale imprevisible extraverti provocant seducteur determine sexy intense frais fleuri vanille epice fruite noir panthere";"<20ans contrariete touslesjours insouciant enfantin classique frais vanille noir chat";"<20ans amour selonhumeur optimiste timide enfantin doux classique pointemode sexy intense sucre vanille fruite rose lapin";"<20ans 20.29ans joie amour liberte touslesjours imprevisible sauvage timide jaloux enfantin seducteur doux classique pointemode sexy frais vegetal fleuri fruite";"<20ans 30.39ans surprise attirance selonhumeur imprevisible fier provocant sauvage manipulateur seducteur determine chic extravagant intense entetant epice animal noir panthere";"20.29ans 30.39ans 40.49ans degout pour.occasion.speciale imprevisible extraverti provocant manipulateur seducteur determine chic pointemode sexy intense boise entetant animal jaune tigre";"<20ans amour touslesjours enfantin seducteur decontracte frais fleuri sucre rouge souris";"30.39ans surprise attirance touslesjours imprevisible mysterieux sauvage jaloux manipulateur seducteur chic sexy intense sucre boise agrume violet lion";"20.29ans 30.39ans joie liberte surprise touslesjours imprevisible fier provocant determine chic pointemode intense vegetal fleuri vanille rose paon";"<20ans joie liberte selonhumeur imprevisible extraverti insouciant decontracte extravagant sucre entetant rose paon";"30.39ans 40.49ans liberte attirance touslesjours fier extraverti provocant determine classique intense frais bleu loup";"20.29ans joie amour surprise attirance touslesjours pour.occasion.speciale mysterieux calme optimiste timide jaloux doux chic decontracte extravagant raffine intense frais vegetal boise vanille fruite";"40.49ans tristesse touslesjours mysterieux calme determine extravagant raffine noir cerf";"20.29ans joie amour liberte attirance selonhumeur optimiste insouciant chic decontracte fleuri fruite rose chat";"20.29ans liberte attirance selonhumeur seducteur determine doux chic sexy intense frais fleuri rose chat";"20.29ans liberte attirance touslesjours mysterieux calme optimiste determine doux chic raffine frais fleuri entetant or lion";"<20ans tristesse touslesjours imprevisible mysterieux timide manipulateur chic sexy intense sucre entetant epice noir chat";"<20ans 20.29ans surprise touslesjours imprevisible optimiste insouciant decontracte raffine frais noir panthere";"30.39ans contrariete selonhumeur extraverti determine chic extravagant animal noir chat";"<20ans 20.29ans amour liberte touslesjours imprevisible sauvage optimiste insouciant enfantin determine decontracte basique frais fleuri sucre epice fruite animal noir chat";"20.29ans joie liberte surprise touslesjours imprevisible extraverti optimiste insouciant determine extravagant pointemode frais fruite rose singe";"20.29ans joie amour nostalgie touslesjours insouciant seducteur chic pointemode intense entetant noir chat";"20.29ans joie selonhumeur imprevisible fier extraverti seducteur determine raffine sucre entetant epice bleu dauphin";"<20ans joie liberte surprise touslesjours imprevisible fier extraverti insouciant pointemode intense sucre vanille agrume noir paon";"<20ans 20.29ans joie liberte touslesjours selonhumeur imprevisible fier provocant optimiste insouciant doux classique decontracte pointemode raffine intense frais fleuri boise entetant agrume rose oiseau";"<20ans 20.29ans joie amour surprise attirance touslesjours extraverti provocant optimiste jaloux manipulateur insouciant determine decontracte pointemode sexy frais fleuri entetant agrume bleu";"<20ans amour liberte surprise touslesjours extraverti optimiste enfantin decontracte fleuri vanille fruite rose oiseau";"<20ans 20.29ans amour liberte surprise attirance pour.occasion.speciale imprevisible extraverti doux decontracte frais agrume noir oiseau";"30.39ans liberte surprise nostalgie pour.occasion.speciale imprevisible mysterieux insouciant enfantin extravagant intense entetant vert imaginaire";"20.29ans joie liberte attirance touslesjours extraverti provocant sauvage insouciant seducteur chic intense entetant epice bleu cheval";"30.39ans liberte surprise touslesjours selonhumeur mysterieux seducteur determine chic pointemode intense frais vegetal noir panthere";"20.29ans joie amour attirance touslesjours optimiste seducteur determine chic pointemode sexy intense frais sucre vanille fruite animal rose felin";"20.29ans amour attirance touslesjours calme introverti timide insouciant seducteur doux raffine frais fleuri vanille fruite rose chat";"<20ans 20.29ans liberte nostalgie touslesjours optimiste insouciant enfantin seducteur classique pointemode sexy basique fleuri sucre vanille entetant fruite rose zebre";"30.39ans liberte attirance pour.occasion.speciale mysterieux provocant manipulateur seducteur extravagant fleuri vanille bleu chat";"30.39ans tristesse attirance touslesjours mysterieux optimiste seducteur chic classique pointemode sexy raffine frais sucre vanille rose pale chat";"<20ans joie liberte surprise attirance touslesjours fier provocant sauvage seducteur decontracte sexy frais vegetal fleuri rose lapin";"20.29ans joie amour liberte pour.occasion.speciale fier extraverti enfantin pointemode sexy frais sucre vanille";"20.29ans liberte touslesjours imprevisible provocant manipulateur determine chic pointemode intense entetant animal bleu lion";"<20ans liberte contrariete pour.occasion.speciale imprevisible fier provocant sauvage determine extravagant raffine boise epice animal noir lion";"<20ans joie amour liberte touslesjours optimiste insouciant seducteur classique pointemode basique frais sucre fruite rose chat";"<20ans joie amour liberte touslesjours imprevisible extraverti calme optimiste seducteur raffine frais fleuri vanille agrume rouge chat";"<20ans 20.29ans joie touslesjours fier extraverti provocant classique extravagant intense frais vegetal vanille entetant bleu araignee";"<20ans amour liberte pour.occasion.speciale imprevisible extraverti provocant sauvage insouciant seducteur determine pointemode fleuri vanille violet panthere";"20.29ans 30.39ans 40.49ans joie liberte attirance pour.occasion.speciale fier extraverti seducteur pointemode sexy intense fleuri sucre vanille entetant or noir lionne";"30.39ans nostalgie pour.occasion.speciale imprevisible fier mysterieux introverti doux chic raffine fleuri rose chat";"<20ans liberte surprise pour.occasion.speciale optimiste insouciant enfantin pointemode frais vanille rose chat";"<20ans surprise attirance touslesjours mysterieux provocant seducteur chic extravagant frais fleuri sucre agrume noir hermine";"<20ans 20.29ans peur attirance touslesjours calme timide chic frais vegetal fleuri rose cygne";"<20ans joie liberte touslesjours optimiste insouciant enfantin determine classique vegetal vanille noir chat";"<20ans 20.29ans joie surprise selonhumeur imprevisible enfantin classique sucre boise jaune chat";"joie amour liberte touslesjours imprevisible extraverti optimiste insouciant enfantin doux extravagant frais rose libellule";"<20ans 20.29ans joie liberte attirance touslesjours fier seducteur determine decontracte pointemode raffine intense argente jaguar";"<20ans 20.29ans 30.39ans 40.49ans 50.59ans >60ans joie liberte tristesse nostalgie pour.occasion.speciale imprevisible calme optimiste determine chic classique basique frais fleuri sucre vanille agrume noir escargot";"<20ans joie selonhumeur imprevisible extraverti decontracte sucre vanille rose hamster";"joie liberte selonhumeur calme optimiste timide insouciant enfantin classique frais fleuri sucre vanille oiseau";"20.29ans joie amour attirance touslesjours mysterieux calme seducteur pointemode sexy raffine frais sucre agrume fruite rose bambi";"20.29ans liberte attirance touslesjours fier extraverti provocant sauvage chic sexy intense sucre epice animal blanc chat";"30.39ans liberte attirance touslesjours mysterieux jaloux decontracte sexy intense fruite bleu tigre";"30.39ans tristesse peur touslesjours mysterieux provocant sauvage extravagant pointemode frais entetant animal noir chat";"30.39ans joie attirance touslesjours imprevisible provocant manipulateur seducteur chic extravagant intense jaune chat";"<20ans 40.49ans joie liberte nostalgie pour.occasion.speciale imprevisible determine doux chic decontracte basique vegetal jaune requin";"20.29ans liberte surprise selonhumeur mysterieux insouciant determine chic extravagant sexy intense frais fleuri vanille fruite noir chauve-souris";"<20ans 20.29ans joie liberte touslesjours imprevisible fier extraverti optimiste chic frais vanille rose hamster";"<20ans liberte touslesjours selonhumeur imprevisible fier provocant sauvage seducteur pointemode intense frais sucre entetant epice agrume violet chat";"20.29ans liberte touslesjours extraverti extravagant entetant bleu orque";"20.29ans 30.39ans joie liberte attirance touslesjours calme optimiste seducteur determine chic pointemode raffine frais vegetal fleuri sucre fruite rose chat";"20.29ans 30.39ans liberte surprise attirance touslesjours imprevisible fier extraverti provocant sauvage optimiste jaloux manipulateur insouciant determine chic extravagant pointemode intense entetant epice fruite animal or pie";"<20ans joie liberte touslesjours optimiste insouciant enfantin seducteur classique decontracte basique frais sucre vanille fruite gris chien";"<20ans 20.29ans joie amour liberte attirance selonhumeur imprevisible introverti enfantin doux chic sucre vanille rose violet chat";"20.29ans 30.39ans 40.49ans joie amour attirance touslesjours mysterieux calme timide seducteur doux chic pointemode raffine frais vegetal fleuri boise vanille vert chat";"<20ans amour liberte surprise touslesjours mysterieux provocant sauvage manipulateur determine classique sexy frais vegetal sucre fruite bleu";"<20ans joie amour touslesjours sauvage insouciant decontracte basique frais sucre rose lapin";"20.29ans joie liberte pour.occasion.speciale extraverti insouciant chic pointemode intense entetant epice rose chat";"<20ans 20.29ans joie amour liberte attirance touslesjours imprevisible extraverti provocant seducteur pointemode intense frais sucre entetant noir chat";"20.29ans 30.39ans attirance touslesjours calme seducteur raffine frais vegetal fleuri rose chat";"<20ans 20.29ans joie liberte surprise imprevisible extraverti optimiste enfantin classique pointemode frais sucre agrume fruite rose papillon";"20.29ans 30.39ans liberte surprise attirance pour.occasion.speciale imprevisible fier extraverti optimiste manipulateur seducteur determine pointemode sexy raffine intense fleuri sucre boise vanille epice or jaune phoenix";"20.29ans 30.39ans attirance touslesjours imprevisible mysterieux determine doux chic decontracte raffine intense vegetal fleuri boise vanille entetant epice or oiseau";"30.39ans attirance pour.occasion.speciale manipulateur seducteur determine decontracte sexy intense entetant rouge lion";"20.29ans joie liberte attirance touslesjours fier provocant manipulateur chic sexy intense entetant fruite bleu lion";"20.29ans liberte touslesjours imprevisible extraverti provocant sauvage manipulateur insouciant extravagant pointemode sexy intense boise animal noir chat";"20.29ans joie liberte surprise selonhumeur imprevisible manipulateur seducteur determine chic pointemode intense fleuri vanille epice rose paon";"<20ans joie amour liberte surprise selonhumeur fier optimiste enfantin decontracte frais fleuri sucre vanille agrume fruite jaune chien";"20.29ans surprise attirance pour.occasion.speciale fier calme timide manipulateur seducteur determine doux classique frais vegetal sucre vanille entetant fruite blanc";"<20ans contrariete attirance selonhumeur imprevisible provocant enfantin seducteur classique pointemode fleuri sucre fruite bleu dauphin";"<20ans liberte attirance touslesjours provocant sauvage sexy intense boise fruite bleu hirondelle";"30.39ans pour.occasion.speciale mysterieux manipulateur seducteur raffine vanille entetant bleu loup";"20.29ans amour liberte attirance touslesjours imprevisible fier extraverti provocant sauvage manipulateur seducteur extravagant pointemode sexy intense sucre boise animal bleu tigre";"30.39ans joie liberte surprise selonhumeur imprevisible extraverti provocant sauvage seducteur sexy intense sucre boise entetant fruite noir jument";"20.29ans liberte surprise selonhumeur extraverti mysterieux insouciant chic basique intense boise vanille animal noir tigre";"<20ans 20.29ans joie liberte surprise touslesjours imprevisible fier extraverti decontracte sexy raffine frais sucre vanille fruite rose gazelle";"<20ans 20.29ans joie liberte touslesjours imprevisible provocant sauvage insouciant chic decontracte pointemode basique intense entetant animal marron ecureuil";"20.29ans liberte attirance selonhumeur fier provocant timide manipulateur seducteur determine pointemode intense sucre epice animal rouge tigre";"20.29ans 30.39ans 40.49ans liberte touslesjours fier provocant optimiste seducteur chic classique raffine intense frais fleuri boise vanille fruite jaune pie";"<20ans 20.29ans joie amour liberte selonhumeur imprevisible extraverti enfantin decontracte extravagant frais vegetal fleuri sucre fruite rouge oiseau";"30.39ans liberte surprise selonhumeur imprevisible mysterieux insouciant doux chic frais boise vanille agrume bordeaux faucon";"30.39ans joie liberte attirance pour.occasion.speciale imprevisible fier extraverti sauvage chic sexy raffine intense fleuri sucre entetant noir panthere";"20.29ans amour attirance touslesjours insouciant seducteur classique sexy frais fleuri sucre rose paon";"20.29ans amour liberte attirance touslesjours optimiste insouciant seducteur classique pointemode frais fleuri vanille rose chat";"<20ans joie amour liberte pour.occasion.speciale imprevisible optimiste enfantin extravagant sportwear intense sucre vanille fruite rose lapin";"<20ans 20.29ans liberte touslesjours imprevisible fier insouciant enfantin pointemode sportwear intense frais epice fruite animal bleu rouge noir ecureuil";"<20ans 20.29ans touslesjours imprevisible extraverti provocant sauvage jaloux seducteur chic classique extravagant sexy intense frais fleuri sucre vanille agrume fruite rose serpent";"30.39ans 40.49ans amour nostalgie touslesjours imprevisible calme sauvage seducteur chic classique intense vanille epice noir corbeau";"<20ans joie selonhumeur timide insouciant enfantin decontracte basique frais vegetal fleuri sucre fruite noir oiseau";"<20ans 20.29ans joie amour liberte surprise touslesjours imprevisible provocant introverti optimiste timide insouciant seducteur decontracte pointemode frais fleuri sucre vanille fruite blanc chat";"<20ans joie liberte attirance imprevisible optimiste enfantin seducteur determine chic classique intense fleuri sucre vanille fruite violet chameau";"<20ans joie amour liberte attirance touslesjours imprevisible provocant optimiste classique pointemode intense epice rouge paon";"<20ans 20.29ans 30.39ans liberte tristesse contrariete degout peur selonhumeur imprevisible extraverti mysterieux provocant sauvage jaloux manipulateur seducteur determine extravagant intense sucre vanille entetant animal noir chauve-souris";"<20ans liberte touslesjours selonhumeur imprevisible fier provocant sauvage seducteur pointemode intense frais sucre entetant epice agrume violet chat";"<20ans 20.29ans attirance touslesjours imprevisible extraverti provocant sauvage seducteur decontracte sexy fleuri sucre animal noir panthere";"<20ans joie liberte pour.occasion.speciale selonhumeur imprevisible fier extraverti sauvage insouciant enfantin extravagant pointemode intense entetant animal noir tigre";"30.39ans joie liberte surprise touslesjours fier extraverti insouciant enfantin seducteur chic pointemode sexy frais fleuri vanille entetant agrume fruite rose chien";"<20ans 20.29ans joie liberte surprise touslesjours selonhumeur fier extraverti enfantin seducteur chic raffine intense entetant epice animal noir ecureuil";"20.29ans joie liberte pour.occasion.speciale imprevisible fier extraverti provocant sauvage extravagant pointemode sexy intense boise fruite animal gris argente chouette";"20.29ans amour liberte attirance touslesjours imprevisible mysterieux determine chic pointemode raffine intense frais vegetal fleuri agrume fruite rose cygne";"<20ans joie liberte touslesjours calme timide insouciant enfantin decontracte basique frais fleuri sucre vanille fruite rose chat";"<20ans amour touslesjours enfantin seducteur decontracte frais fleuri sucre rouge souris";"20.29ans 30.39ans liberte attirance touslesjours mysterieux provocant seducteur determine chic pointemode intense vegetal fleuri agrume rose pale chat";"<20ans 20.29ans amour liberte selonhumeur introverti timide enfantin doux decontracte sportwear frais vegetal fruite rose biche";"<20ans joie liberte pour.occasion.speciale imprevisible extraverti provocant enfantin seducteur decontracte extravagant sportwear frais sucre fruite rose orange libellule";"<20ans joie amour liberte attirance touslesjours imprevisible mysterieux introverti timide insouciant enfantin sportwear basique frais fleuri sucre vanille fruite rose chat";"<20ans 20.29ans joie liberte touslesjours imprevisible optimiste insouciant enfantin seducteur doux extravagant sexy basique intense frais sucre entetant mauve biche";"<20ans joie touslesjours imprevisible extraverti provocant determine pointemode raffine frais epice fruite blanc oiseau";"<20ans liberte surprise pour.occasion.speciale insouciant enfantin extravagant intense frais entetant rose dauphin";"20.29ans 30.39ans attirance touslesjours calme seducteur raffine frais vegetal fleuri rose chat";"<20ans 20.29ans 30.39ans liberte selonhumeur imprevisible fier extraverti determine chic pointemode intense sucre vanille epice fruite animal rose panthere";"20.29ans liberte attirance selonhumeur fier provocant timide manipulateur seducteur determine pointemode intense sucre epice animal rouge tigre";"<20ans 20.29ans 40.49ans liberte selonhumeur imprevisible mysterieux provocant determine chic extravagant frais vegetal sucre agrume bleu guepard";"30.39ans 40.49ans joie liberte nostalgie pour.occasion.speciale mysterieux optimiste determine doux classique decontracte basique frais fleuri vanille fruite bleu chat";"30.39ans liberte attirance touslesjours provocant sauvage seducteur determine chic intense epice jaune lion";"<20ans joie amour liberte surprise selonhumeur imprevisible calme optimiste timide enfantin doux decontracte basique frais agrume fruite bleu vert oiseau";"<20ans joie liberte touslesjours mysterieux pointemode frais vanille agrume fruite rose papillon";"<20ans joie amour liberte surprise touslesjours fier extraverti optimiste enfantin seducteur classique frais vegetal fleuri sucre vanille fruite rouge lapin";"<20ans liberte surprise attirance touslesjours imprevisible extraverti provocant seducteur determine chic pointemode frais vegetal blanc chat";"20.29ans joie amour liberte surprise attirance touslesjours imprevisible mysterieux optimiste insouciant enfantin seducteur doux chic pointemode raffine frais vegetal sucre vanille noir colibri";"<20ans 20.29ans amour liberte touslesjours extraverti insouciant determine classique extravagant pointemode intense boise entetant epice noir panthere";"<20ans 20.29ans liberte surprise touslesjours imprevisible extraverti provocant optimiste enfantin classique extravagant basique frais vegetal fleuri sucre vanille fruite rose poussin";"<20ans joie liberte selonhumeur extraverti insouciant enfantin extravagant sexy fleuri sucre entetant rose dauphin";"20.29ans joie amour liberte attirance touslesjours provocant sauvage optimiste insouciant seducteur classique decontracte sexy raffine intense frais fleuri sucre vanille entetant epice";"20.29ans peur selonhumeur mysterieux extravagant entetant noir scorpion";"<20ans 30.39ans joie liberte surprise selonhumeur imprevisible extraverti provocant extravagant pointemode intense sucre agrume rose";"<20ans liberte touslesjours imprevisible extraverti provocant determine extravagant intense fleuri sucre agrume rose poule";"20.29ans 30.39ans 40.49ans joie amour tristesse attirance touslesjours imprevisible mysterieux calme sauvage optimiste seducteur determine pointemode sexy raffine intense sucre vanille animal bleu lapin";"20.29ans 30.39ans 40.49ans 50.59ans joie liberte pour.occasion.speciale imprevisible extraverti mysterieux sauvage manipulateur seducteur determine chic extravagant sexy raffine intense sucre boise vanille agrume fruite bleu dauphin";"<20ans joie amour nostalgie touslesjours extraverti optimiste insouciant seducteur doux classique decontracte basique frais vegetal fleuri agrume fruite rouge hamster";"20.29ans 30.39ans amour attirance selonhumeur sauvage optimiste manipulateur decontracte sexy intense entetant epice animal orange chat"
"Lolita.Lempicka";"<20ans 20.29ans joie liberte peur touslesjours imprevisible calme provocant introverti timide insouciant enfantin decontracte pointemode sexy frais vegetal fleuri agrume fruite rose fourmie";"20.29ans 30.39ans joie amour liberte nostalgie touslesjours imprevisible mysterieux calme timide doux decontracte frais vegetal agrume fruite vert cheval";"<20ans amour nostalgie touslesjours optimiste enfantin classique decontracte intense sucre vanille rouge chat";"<20ans amour liberte tristesse nostalgie selonhumeur mysterieux calme sauvage timide insouciant enfantin decontracte intense sucre boise vanille entetant vert biche";"<20ans 20.29ans 30.39ans joie amour liberte surprise nostalgie attirance touslesjours calme sauvage optimiste insouciant determine doux classique decontracte sportwear raffine intense frais vegetal fleuri boise animal vert lion";"<20ans amour liberte touslesjours fier timide insouciant enfantin classique decontracte frais fleuri rose lapin";"<20ans amour fier calme introverti timide enfantin doux classique basique frais sucre agrume bleu clair oiseau";"20.29ans liberte attirance selonhumeur imprevisible fier mysterieux calme doux classique decontracte frais vegetal boise animal vert cerf";"20.29ans liberte touslesjours mysterieux calme doux decontracte raffine frais vegetal fleuri boise epice animal vert loup";"20.29ans 30.39ans liberte tristesse touslesjours mysterieux calme introverti timide doux decontracte basique frais vegetal fleuri boise rose oiseau";"<20ans joie amour liberte attirance selonhumeur calme introverti timide enfantin doux basique frais fleuri blanc coccinelle";"<20ans amour attirance imprevisible insouciant enfantin seducteur sexy sucre vanille epice rouge chat";"<20ans amour liberte attirance touslesjours calme timide enfantin doux classique basique vegetal fleuri agrume bleu chat";"<20ans liberte nostalgie touslesjours mysterieux calme introverti doux raffine fleuri rouge cerf";"30.39ans nostalgie selonhumeur introverti basique vegetal boise agrume vert poisson";"<20ans liberte pour.occasion.speciale mysterieux calme sauvage timide decontracte vegetal fleuri boise vanille agrume fruite vert ourson";"<20ans 20.29ans joie amour liberte surprise attirance touslesjours calme timide doux chic classique raffine frais vegetal fleuri rouge chat";"<20ans 20.29ans joie amour liberte touslesjours imprevisible sauvage timide jaloux enfantin seducteur doux classique pointemode sexy frais vegetal fleuri fruite";"<20ans amour nostalgie selonhumeur calme introverti timide doux basique raffine frais vegetal fleuri vert cerf";"<20ans 20.29ans amour liberte nostalgie touslesjours imprevisible mysterieux calme sauvage optimiste insouciant doux decontracte frais vegetal fleuri boise agrume fruite rouge cerf";"20.29ans joie liberte selonhumeur imprevisible mysterieux sauvage insouciant determine raffine frais vegetal vanille animal blanc loup";"<20ans joie liberte selonhumeur imprevisible fier provocant optimiste timide enfantin decontracte sportwear frais vegetal fleuri sucre vanille fruite rose chien";"20.29ans 30.39ans joie liberte touslesjours imprevisible mysterieux sauvage optimiste determine decontracte basique frais vegetal sucre fruite vert hirondelle";"20.29ans nostalgie selonhumeur introverti decontracte vegetal vanille vert biche";"<20ans 20.29ans joie amour liberte attirance touslesjours mysterieux calme sauvage timide insouciant enfantin seducteur chic decontracte raffine frais fleuri boise rose colombe";"<20ans 20.29ans amour selonhumeur calme doux classique sportwear basique intense fleuri vanille fruite";"20.29ans amour touslesjours doux chic decontracte frais rouge chat";"<20ans joie liberte peur selonhumeur calme timide decontracte frais vegetal vert lapin";"<20ans joie amour touslesjours optimiste timide insouciant basique fleuri sucre fruite rouge lapin";"<20ans amour attirance imprevisible insouciant enfantin seducteur sexy sucre vanille epice rouge chat";"<20ans liberte nostalgie selonhumeur imprevisible introverti timide insouciant decontracte basique frais vegetal fleuri boise fruite vert oiseau";"<20ans liberte touslesjours mysterieux calme introverti doux decontracte frais fleuri sucre vert oiseau";"<20ans amour liberte attirance touslesjours sauvage timide insouciant enfantin classique basique sucre boise fruite rose serpent";"<20ans 20.29ans 30.39ans joie amour liberte nostalgie attirance touslesjours calme optimiste timide insouciant enfantin doux classique basique raffine frais fleuri sucre fruite rose chien";"<20ans 20.29ans joie liberte selonhumeur mysterieux introverti timide enfantin doux classique decontracte basique frais vegetal fleuri boise fruite rouge cerf";"<20ans 20.29ans amour liberte touslesjours calme timide insouciant doux decontracte basique frais vegetal vanille fruite rouge cerf";"<20ans 20.29ans liberte nostalgie touslesjours calme introverti timide insouciant doux classique decontracte basique frais fleuri vanille vert biche";"20.29ans 30.39ans liberte tristesse touslesjours mysterieux calme introverti timide doux decontracte basique frais vegetal fleuri boise rose oiseau";"<20ans 20.29ans joie liberte surprise touslesjours imprevisible sauvage insouciant enfantin doux decontracte frais vegetal fleuri fruite bleu vert chat";"<20ans 20.29ans 30.39ans liberte peur attirance touslesjours imprevisible calme sauvage determine decontracte extravagant frais vegetal boise vert verf";"<20ans amour liberte surprise touslesjours extraverti optimiste enfantin decontracte fleuri vanille fruite rose oiseau";"20.29ans 30.39ans joie liberte touslesjours calme optimiste insouciant doux classique raffine intense vanille fruite rouge chat";"30.39ans liberte surprise nostalgie pour.occasion.speciale imprevisible mysterieux insouciant enfantin extravagant intense entetant vert imaginaire";"20.29ans liberte touslesjours imprevisible sauvage doux raffine frais fleuri boise vert cerf";"<20ans amour nostalgie touslesjours mysterieux calme timide classique vegetal fleuri boise vert renne";"<20ans joie amour liberte attirance touslesjours enfantin seducteur determine doux classique sportwear frais vegetal sucre vanille rouge lapin";"20.29ans liberte tristesse peur selonhumeur imprevisible mysterieux sauvage manipulateur extravagant intense vegetal boise entetant epice animal vert chevreuil";"<20ans liberte tristesse nostalgie touslesjours mysterieux calme timide insouciant enfantin doux classique decontracte pointemode frais vegetal boise agrume vert cerf";"<20ans amour liberte nostalgie touslesjours fier mysterieux calme optimiste enfantin decontracte basique raffine fleuri boise epice animal rouge renne";"20.29ans 30.39ans liberte nostalgie selonhumeur mysterieux calme sauvage timide doux decontracte basique raffine frais vegetal fleuri sucre vert ecureuil";"<20ans contrariete peur selonhumeur mysterieux introverti timide doux basique intense entetant epice bleu cheval";"<20ans liberte selonhumeur mysterieux introverti sauvage basique frais boise epice animal vert cerf";"<20ans liberte pour.occasion.speciale mysterieux calme enfantin doux raffine fleuri boise fruite animal vert cerf";"<20ans tristesse peur attirance touslesjours calme introverti timide doux basique raffine frais boise rouge biche";"<20ans 20.29ans 30.39ans liberte nostalgie attirance touslesjours mysterieux calme timide enfantin doux classique decontracte pointemode basique raffine frais vegetal fleuri boise vanille fruite vert cheval";"<20ans joie liberte nostalgie selonhumeur imprevisible mysterieux calme sauvage seducteur classique decontracte raffine vegetal vanille epice fruite vert caribou";"<20ans 20.29ans joie liberte touslesjours calme sauvage optimiste determine doux decontracte basique raffine frais vegetal fleuri sucre agrume vert perroquet";"<20ans liberte pour.occasion.speciale provocant sauvage insouciant classique sexy fleuri fruite bleu chat";"<20ans 20.29ans liberte nostalgie selonhumeur imprevisible sauvage determine doux basique raffine intense frais fleuri rouge papillon oiseau";"<20ans 20.29ans liberte touslesjours mysterieux calme sauvage optimiste insouciant enfantin doux classique decontracte basique frais vert cerf";"<20ans liberte surprise pour.occasion.speciale optimiste insouciant enfantin pointemode frais vanille rose chat";"<20ans tristesse selonhumeur introverti sauvage timide enfantin basique vegetal boise animal vert cerf";"20.29ans 30.39ans amour liberte touslesjours mysterieux calme sauvage chic basique frais vegetal boise vert cerf";"<20ans liberte nostalgie touslesjours introverti timide enfantin classique sportwear vegetal animal marron cerf";"<20ans 20.29ans liberte selonhumeur mysterieux calme doux decontracte basique frais fleuri boise epice rouge oiseau";"<20ans 20.29ans liberte selonhumeur calme optimiste insouciant determine basique vegetal boise agrume orange daim";"30.39ans amour liberte timide enfantin doux classique fleuri fruite vert cheval";"<20ans 20.29ans 30.39ans 40.49ans 50.59ans >60ans joie liberte tristesse nostalgie pour.occasion.speciale imprevisible calme optimiste determine chic classique basique frais fleuri sucre vanille agrume noir escargot";"<20ans 20.29ans amour liberte attirance touslesjours calme timide enfantin basique sucre boise fruite violet fonce cerf";"joie liberte selonhumeur calme optimiste timide insouciant enfantin classique frais fleuri sucre vanille oiseau";"<20ans 20.29ans joie liberte surprise touslesjours calme timide enfantin doux decontracte sportwear basique vegetal sucre vanille epice violet lapin";"20.29ans liberte touslesjours calme optimiste insouciant enfantin doux decontracte basique frais vegetal fleuri boise vert loup";"20.29ans joie amour nostalgie touslesjours timide jaloux doux classique basique frais fruite rose chat";"<20ans touslesjours fier calme timide doux decontracte pointemode frais vegetal fruite vert cheval";"<20ans joie amour liberte surprise selonhumeur calme sauvage timide doux basique vegetal animal blanc ours";"<20ans 40.49ans joie liberte nostalgie pour.occasion.speciale imprevisible determine doux chic decontracte basique vegetal jaune requin";"<20ans liberte surprise pour.occasion.speciale mysterieux calme sauvage timide enfantin doux basique frais vegetal fleuri boise animal vert";"20.29ans 30.39ans tristesse nostalgie touslesjours imprevisible calme insouciant doux raffine frais boise animal vert cerf";"<20ans 20.29ans liberte tristesse nostalgie touslesjours imprevisible calme sauvage doux classique decontracte basique frais vegetal fleuri boise vert cheval";"<20ans amour liberte touslesjours fier mysterieux classique frais fleuri rouge oiseau";"<20ans 20.29ans tristesse contrariete nostalgie selonhumeur imprevisible mysterieux introverti sauvage timide insouciant decontracte sportwear frais fleuri boise agrume animal vert biche";"<20ans 20.29ans 30.39ans 40.49ans 50.59ans joie liberte pour.occasion.speciale imprevisible mysterieux sauvage timide insouciant seducteur doux chic sexy frais vegetal fleuri vanille agrume bleu azur biche";"20.29ans joie liberte nostalgie touslesjours imprevisible fier mysterieux provocant sauvage determine basique frais entetant epice fruite vert gazelle";"<20ans 20.29ans joie amour liberte attirance selonhumeur imprevisible introverti enfantin doux chic sucre vanille rose violet chat";"<20ans 20.29ans joie amour liberte nostalgie touslesjours imprevisible mysterieux optimiste timide enfantin doux decontracte basique frais vegetal fleuri sucre vanille fruite rose biche";"<20ans joie amour peur touslesjours calme introverti enfantin seducteur classique sportwear basique sucre vanille entetant fruite gris cerf";"<20ans 30.39ans liberte selonhumeur calme timide doux classique fleuri boise vert chat";"<20ans 20.29ans liberte nostalgie selonhumeur mysterieux calme sauvage enfantin classique sucre vanille entetant epice vert oiseau";"<20ans 20.29ans joie amour touslesjours mysterieux calme introverti enfantin doux raffine frais vegetal fleuri fruite bleu chat";"<20ans 20.29ans amour liberte pour.occasion.speciale imprevisible mysterieux insouciant enfantin decontracte extravagant basique frais fleuri boise vanille vert oiseau";"<20ans 20.29ans joie liberte surprise imprevisible extraverti optimiste enfantin classique pointemode frais sucre agrume fruite rose papillon";"<20ans 20.29ans joie liberte surprise attirance touslesjours imprevisible extraverti optimiste manipulateur determine chic basique frais vegetal fleuri boise vanille epice fruite vert oiseau";"20.29ans 30.39ans 40.49ans 50.59ans >60ans surprise contrariete touslesjours introverti optimiste manipulateur insouciant seducteur classique basique frais vegetal fleuri sucre boise vanille agrume bleu chien";"<20ans liberte tristesse selonhumeur calme timide enfantin classique vegetal sucre animal vert ecureuil";"20.29ans joie amour touslesjours fier calme doux sexy frais fleuri sucre blanc gazelle";"<20ans >60ans joie liberte nostalgie selonhumeur calme introverti sauvage timide determine basique vegetal fleuri sucre boise animal gris aigle";"<20ans 20.29ans amour liberte selonhumeur mysterieux calme introverti timide enfantin classique basique frais vegetal sucre agrume fruite blanc cheval";"<20ans joie attirance touslesjours extraverti mysterieux timide enfantin seducteur doux classique raffine fleuri sucre vanille fruite rose chat";"30.39ans amour liberte nostalgie attirance pour.occasion.speciale mysterieux provocant introverti insouciant determine doux intense vegetal fleuri entetant animal rouge";"<20ans 20.29ans joie liberte attirance touslesjours imprevisible sauvage seducteur classique pointemode raffine frais boise animal rouge animal sauvage";"<20ans liberte attirance touslesjours provocant sauvage sexy intense boise fruite bleu hirondelle";"<20ans degout nostalgie touslesjours insouciant enfantin decontracte basique intense sucre vanille entetant agrume fruite rouge cerf";"<20ans joie liberte touslesjours calme introverti timide enfantin doux decontracte frais vegetal fleuri blanc colombe";"<20ans liberte nostalgie pour.occasion.speciale mysterieux calme introverti timide doux basique sucre boise vanille animal vert cerf";"<20ans joie liberte touslesjours enfantin doux decontracte sportwear fleuri vanille agrume fruite rouge chat";"<20ans 20.29ans joie amour touslesjours timide enfantin doux decontracte frais sucre vanille fruite violet papillon";"20.29ans 30.39ans liberte contrariete pour.occasion.speciale imprevisible mysterieux calme sauvage insouciant classique sportwear vegetal fleuri boise entetant epice animal vert cerf";"<20ans amour surprise peur pour.occasion.speciale mysterieux calme timide doux classique basique frais vegetal fleuri blanc oiseau";"<20ans joie amour liberte selonhumeur mysterieux timide enfantin decontracte basique frais fleuri sucre fruite rouge chevreuil";"<20ans 20.29ans joie amour liberte selonhumeur imprevisible extraverti enfantin decontracte extravagant frais vegetal fleuri sucre fruite rouge oiseau";"<20ans liberte peur selonhumeur mysterieux calme timide jaloux doux classique frais vanille agrume blanc pie";"20.29ans liberte tristesse touslesjours mysterieux calme introverti sauvage doux decontracte frais vegetal fleuri vanille fruite vert chien";"20.29ans amour attirance insouciant enfantin seducteur doux decontracte sexy frais sucre fruite rouge lapin";"<20ans 20.29ans joie liberte selonhumeur calme introverti timide enfantin doux basique raffine vegetal vert oiseau";"<20ans joie amour liberte pour.occasion.speciale imprevisible optimiste enfantin extravagant sportwear intense sucre vanille fruite rose lapin";"30.39ans 40.49ans 50.59ans tristesse nostalgie selonhumeur mysterieux calme classique basique vegetal fleuri boise epice animal cheval";"<20ans 20.29ans touslesjours mysterieux calme introverti timide insouciant enfantin doux classique basique frais fleuri sucre vanille agrume fruite blanc lapin";"20.29ans 30.39ans liberte contrariete attirance selonhumeur fier calme provocant manipulateur seducteur doux extravagant intense frais sucre vanille epice fruite rouge cheval";"<20ans 20.29ans amour nostalgie touslesjours calme introverti sauvage timide doux decontracte extravagant basique raffine frais vegetal fleuri sucre boise agrume fruite rouge cerf";"20.29ans 30.39ans surprise tristesse selonhumeur imprevisible mysterieux calme chic decontracte basique frais vegetal boise epice fruite vert cerf";"20.29ans 30.39ans liberte surprise tristesse contrariete nostalgie pour.occasion.speciale imprevisible fier mysterieux sauvage seducteur determine sexy intense boise entetant epice animal vert sanglier";"<20ans 20.29ans amour tristesse attirance touslesjours mysterieux calme seducteur classique decontracte basique fruite animal vert cerf";"<20ans 20.29ans 30.39ans joie liberte surprise selonhumeur mysterieux calme introverti timide enfantin doux decontracte basique intense vegetal fleuri boise agrume vert renne";"<20ans 20.29ans liberte tristesse nostalgie touslesjours imprevisible calme sauvage doux classique decontracte basique frais vegetal fleuri boise vert cheval";"<20ans amour liberte attirance touslesjours rouge biche";"20.29ans liberte nostalgie selonhumeur mysterieux calme timide decontracte frais vegetal boise gris lapin";"<20ans joie amour tristesse attirance pour.occasion.speciale mysterieux calme sauvage optimiste timide jaloux determine chic classique decontracte basique frais fleuri sucre epice fruite vert cerf";"<20ans 20.29ans liberte nostalgie attirance touslesjours imprevisible mysterieux calme sauvage doux extravagant raffine frais vegetal fleuri boise violet chat";"<20ans joie amour liberte touslesjours mysterieux calme introverti insouciant enfantin decontracte basique frais vegetal sucre fruite blanc chat";"<20ans joie amour liberte pour.occasion.speciale optimiste insouciant enfantin seducteur decontracte basique frais fleuri sucre fruite jaune lapin";"<20ans joie liberte touslesjours calme timide insouciant enfantin decontracte basique frais fleuri sucre vanille fruite rose chat";"20.29ans joie liberte selonhumeur imprevisible mysterieux sauvage insouciant determine raffine frais vegetal vanille animal blanc loup";"<20ans joie nostalgie selonhumeur sauvage timide enfantin basique intense sucre boise violet oiseau";"<20ans 20.29ans amour liberte selonhumeur introverti timide enfantin doux decontracte sportwear frais vegetal fruite rose biche";"<20ans 20.29ans liberte pour.occasion.speciale mysterieux sauvage insouciant decontracte frais vegetal boise vert aigle";"<20ans joie amour liberte attirance touslesjours imprevisible mysterieux introverti timide insouciant enfantin sportwear basique frais fleuri sucre vanille fruite rose chat";"<20ans 20.29ans joie liberte touslesjours imprevisible optimiste insouciant enfantin seducteur doux extravagant sexy basique intense frais sucre entetant mauve biche";"<20ans liberte attirance selonhumeur imprevisible provocant insouciant decontracte pointemode frais sucre boise vert cerf";"<20ans liberte surprise pour.occasion.speciale insouciant enfantin extravagant intense frais entetant rose dauphin";"<20ans 20.29ans amour liberte pour.occasion.speciale imprevisible mysterieux insouciant enfantin decontracte extravagant basique frais fleuri boise vanille vert oiseau";"<20ans surprise touslesjours imprevisible mysterieux calme introverti sauvage timide enfantin doux decontracte basique frais vegetal fleuri sucre fruite vert cerf";"<20ans amour surprise peur pour.occasion.speciale mysterieux calme timide doux classique basique frais vegetal fleuri blanc oiseau";"20.29ans 30.39ans 40.49ans 50.59ans >60ans liberte nostalgie touslesjours mysterieux calme introverti doux decontracte basique intense fleuri boise epice animal vert tortue";"<20ans joie liberte surprise selonhumeur imprevisible sauvage optimiste enfantin determine decontracte basique intense vegetal fleuri boise fruite animal vert lionne";"20.29ans joie liberte peur nostalgie selonhumeur imprevisible mysterieux introverti timide classique intense vegetal boise entetant vert cameleon";"<20ans joie amour liberte surprise selonhumeur imprevisible calme optimiste timide enfantin doux decontracte basique frais agrume fruite bleu vert oiseau";"<20ans amour liberte tristesse selonhumeur mysterieux calme timide enfantin raffine intense frais boise fruite animal rouge vert cerf";"<20ans joie amour liberte surprise touslesjours fier extraverti optimiste enfantin seducteur classique frais vegetal fleuri sucre vanille fruite rouge lapin";"<20ans 20.29ans liberte nostalgie attirance mysterieux calme sauvage timide seducteur decontracte sexy frais vegetal fleuri fruite vert cerf";"20.29ans liberte surprise attirance touslesjours imprevisible sauvage insouciant chic decontracte frais vegetal sucre boise vanille fruite animal brun biche";"30.39ans 40.49ans liberte surprise nostalgie selonhumeur calme sauvage doux frais vegetal fleuri agrume animal bleu ecureuil";"<20ans 20.29ans 30.39ans touslesjours mysterieux calme sauvage optimiste determine doux classique decontracte sportwear basique frais vegetal boise epice animal vert cheval";"20.29ans 30.39ans 40.49ans liberte nostalgie pour.occasion.speciale calme sauvage timide doux classique decontracte basique intense vegetal boise vert cheval";"<20ans joie amour liberte touslesjours mysterieux timide enfantin seducteur doux decontracte frais fleuri sucre agrume fruite rouge";"30.39ans joie amour liberte surprise attirance touslesjours chic classique decontracte sexy basique intense frais vegetal sucre vanille gris cerf";"<20ans liberte touslesjours mysterieux sauvage timide basique raffine frais vegetal boise animal vert cerf";"20.29ans liberte nostalgie selonhumeur imprevisible fier mysterieux calme introverti sauvage insouciant decontracte intense boise vanille epice animal vert loup aigle";"20.29ans 30.39ans 40.49ans joie amour tristesse attirance touslesjours imprevisible mysterieux calme sauvage optimiste seducteur determine pointemode sexy raffine intense sucre vanille animal bleu lapin";"<20ans 20.29ans amour nostalgie touslesjours calme introverti timide doux decontracte sportwear basique intense sucre vanille epice animal noir biche";"<20ans joie amour liberte tristesse contrariete nostalgie selonhumeur mysterieux calme enfantin doux classique decontracte basique frais vegetal fleuri boise agrume fruite rouge panda";"<20ans 20.29ans joie amour tristesse touslesjours calme timide enfantin chic frais sucre agrume animal jaune cheval"
"MissDior";"20.29ans 30.39ans joie amour liberte attirance touslesjours mysterieux optimiste doux chic pointemode raffine frais vegetal fleuri agrume fruite vert loutre";"20.29ans joie amour liberte nostalgie selonhumeur imprevisible mysterieux calme sauvage insouciant seducteur doux classique decontracte basique frais vegetal sucre vanille epice animal rose biche";"20.29ans 30.39ans joie liberte attirance selonhumeur imprevisible mysterieux seducteur doux chic classique frais fleuri rose oiseau";"20.29ans 30.39ans 40.49ans 50.59ans surprise tristesse pour.occasion.speciale mysterieux introverti seducteur doux raffine intense boise vanille epice orange guepard";"<20ans 20.29ans joie pour.occasion.speciale imprevisible timide insouciant enfantin doux chic pointemode raffine frais vegetal sucre vanille rose pale chat";"30.39ans 40.49ans joie amour liberte nostalgie touslesjours fier calme optimiste determine doux basique raffine frais vegetal fleuri fruite orange ours";"20.29ans 30.39ans amour liberte attirance touslesjours mysterieux provocant manipulateur seducteur chic pointemode sexy intense fleuri sucre epice animal rouge cygne";"20.29ans liberte touslesjours imprevisible fier extraverti mysterieux provocant sauvage seducteur determine sexy raffine intense sucre entetant fruite animal jaune guepard";"30.39ans amour attirance touslesjours imprevisible provocant manipulateur seducteur determine chic raffine intense sucre vanille entetant rose panthere";"<20ans 20.29ans 30.39ans 40.49ans 50.59ans attirance touslesjours extraverti mysterieux optimiste seducteur chic pointemode raffine intense fleuri sucre vanille epice fruite beige chat";"30.39ans amour liberte attirance touslesjours mysterieux provocant manipulateur seducteur doux chic pointemode sexy raffine intense frais vegetal fleuri sucre jaune cheval";"30.39ans liberte attirance pour.occasion.speciale fier provocant jaloux enfantin decontracte sportwear raffine fleuri vanille rouge tigre";"20.29ans 30.39ans 40.49ans amour attirance touslesjours pour.occasion.speciale imprevisible seducteur chic classique sexy frais sucre fruite beige rose antilope";"20.29ans liberte tristesse nostalgie attirance touslesjours mysterieux provocant sauvage jaloux enfantin doux decontracte basique frais fleuri boise agrume fruite chair chat";"<20ans 20.29ans 30.39ans surprise attirance pour.occasion.speciale imprevisible extraverti provocant seducteur determine sexy intense frais fleuri vanille epice fruite noir panthere";"40.49ans 50.59ans degout touslesjours fier introverti classique intense boise entetant epice or orang-outang";"<20ans amour selonhumeur optimiste timide enfantin doux classique pointemode sexy intense sucre vanille fruite rose lapin";"20.29ans 40.49ans joie amour liberte surprise attirance selonhumeur imprevisible fier extraverti mysterieux provocant sauvage seducteur chic extravagant sexy intense vegetal fleuri sucre entetant animal rouge chat";"<20ans 20.29ans liberte surprise attirance touslesjours extraverti insouciant enfantin seducteur doux chic sexy raffine frais fleuri sucre fruite rose poney";"20.29ans 30.39ans attirance selonhumeur imprevisible mysterieux provocant manipulateur seducteur decontracte sexy intense vanille entetant epice rouge renard";"20.29ans joie amour touslesjours mysterieux provocant seducteur chic frais vanille epice sable dauphin";"20.29ans amour attirance touslesjours imprevisible fier calme seducteur doux chic pointemode sexy frais fleuri sucre boise agrume fruite or dauphin";"20.29ans 30.39ans joie liberte surprise touslesjours imprevisible fier provocant determine chic pointemode intense vegetal fleuri vanille rose paon";"G5";"<20ans 20.29ans joie amour liberte attirance touslesjours mysterieux calme sauvage timide insouciant enfantin seducteur chic decontracte raffine frais fleuri boise rose colombe";"20.29ans joie amour surprise attirance touslesjours pour.occasion.speciale mysterieux calme optimiste timide jaloux doux chic decontracte extravagant raffine intense frais vegetal boise vanille fruite";"20.29ans joie selonhumeur mysterieux calme provocant seducteur pointemode sexy fleuri rouge chat";"20.29ans joie amour liberte attirance selonhumeur optimiste insouciant chic decontracte fleuri fruite rose chat";"20.29ans liberte attirance selonhumeur seducteur determine doux chic sexy intense frais fleuri rose chat";"30.39ans liberte attirance pour.occasion.speciale fier provocant jaloux enfantin decontracte sportwear raffine fleuri vanille rouge tigre";"20.29ans amour surprise attirance touslesjours fier mysterieux seducteur chic raffine intense entetant epice rouge hermine";"20.29ans attirance selonhumeur imprevisible fier mysterieux seducteur chic raffine intense frais vanille rouge tigre";"20.29ans joie attirance touslesjours mysterieux calme insouciant enfantin classique raffine frais fleuri sucre rouge tigre";"<20ans 20.29ans joie amour liberte attirance touslesjours mysterieux calme optimiste timide insouciant enfantin seducteur doux chic basique raffine frais vegetal fleuri sucre vanille fruite rose chat";"20.29ans 30.39ans amour attirance pour.occasion.speciale mysterieux calme introverti doux chic classique sexy intense boise entetant agrume noir chatte";"20.29ans 30.39ans joie touslesjours fier mysterieux seducteur chic raffine intense fleuri boise entetant brun chat";"20.29ans joie selonhumeur imprevisible fier extraverti seducteur determine raffine sucre entetant epice bleu dauphin";"<20ans 20.29ans 30.39ans 40.49ans 50.59ans attirance touslesjours extraverti mysterieux optimiste seducteur chic pointemode raffine intense fleuri sucre vanille epice fruite beige chat";"<20ans 20.29ans joie liberte touslesjours selonhumeur imprevisible fier provocant optimiste insouciant doux classique decontracte pointemode raffine intense frais fleuri boise entetant agrume rose oiseau";"30.39ans 40.49ans joie amour surprise touslesjours pour.occasion.speciale selonhumeur fier extraverti mysterieux calme seducteur chic sexy raffine intense frais fleuri entetant agrume noir blanc";"20.29ans 30.39ans attirance pour.occasion.speciale mysterieux seducteur determine chic pointemode intense entetant rouge cheval";"20.29ans amour tristesse touslesjours pour.occasion.speciale timide jaloux insouciant enfantin seducteur doux chic sexy basique frais fleuri sucre vanille rouge lynx";"20.29ans 30.39ans joie liberte pour.occasion.speciale mysterieux calme timide insouciant doux chic raffine intense fleuri sucre rose oiseau";"30.39ans amour surprise attirance touslesjours mysterieux calme seducteur determine doux sexy intense vegetal boise entetant epice rouge felin";"20.29ans 30.39ans 40.49ans liberte attirance touslesjours imprevisible extraverti sauvage seducteur determine chic pointemode sexy intense fleuri beige lion";"20.29ans joie amour attirance touslesjours optimiste seducteur determine chic pointemode sexy intense frais sucre vanille fruite animal rose felin";"20.29ans amour attirance touslesjours calme introverti timide insouciant seducteur doux raffine frais fleuri vanille fruite rose chat";"<20ans 20.29ans amour surprise attirance touslesjours sauvage timide seducteur doux classique pointemode intense frais sucre entetant fruite rose mante-religieuse";"20.29ans liberte attirance touslesjours imprevisible mysterieux provocant jaloux manipulateur doux chic classique intense fleuri boise fruite rose chien";"30.39ans tristesse attirance touslesjours mysterieux optimiste seducteur chic classique pointemode sexy raffine frais sucre vanille rose pale chat";"20.29ans amour liberte touslesjours fier calme seducteur determine chic sexy raffine frais vegetal boise noir brebis";"20.29ans joie amour liberte pour.occasion.speciale fier extraverti enfantin pointemode sexy frais sucre vanille";"20.29ans 30.39ans joie amour nostalgie attirance touslesjours imprevisible mysterieux calme seducteur doux raffine vegetal fleuri boise vanille agrume rose dauphin";"20.29ans amour attirance touslesjours mysterieux calme timide classique raffine intense boise vanille entetant rose chat";"20.29ans 30.39ans attirance touslesjours imprevisible sauvage seducteur determine doux chic raffine intense sucre or panthere";"20.29ans 30.39ans joie amour liberte touslesjours pour.occasion.speciale fier calme seducteur determine chic pointemode raffine intense frais fleuri agrume rose chien";"<20ans joie amour attirance touslesjours calme optimiste seducteur doux sexy frais fleuri sucre vanille fruite rouge rose gazelle";"40.49ans nostalgie touslesjours calme provocant determine chic intense boise entetant rouge cygne";"20.29ans amour attirance selonhumeur imprevisible calme insouciant seducteur chic classique frais fleuri vanille fruite rose beige chat";"30.39ans nostalgie pour.occasion.speciale imprevisible fier mysterieux introverti doux chic raffine fleuri rose chat";"20.29ans joie liberte touslesjours calme introverti timide doux basique frais vegetal fleuri rose chat";"20.29ans attirance pour.occasion.speciale provocant manipulateur seducteur determine sexy intense noir panthere";"<20ans 20.29ans 30.39ans 40.49ans joie amour liberte peur attirance touslesjours mysterieux calme enfantin seducteur doux chic sexy raffine frais vegetal fleuri sucre fruite bleu flamant";"<20ans 20.29ans amour attirance touslesjours timide seducteur determine doux chic classique decontracte pointemode sexy raffine intense frais fleuri fruite rose sauterelle";"20.29ans 30.39ans 40.49ans attirance selonhumeur mysterieux jaloux classique basique raffine intense entetant blanc ours";"joie amour liberte touslesjours imprevisible extraverti optimiste insouciant enfantin doux extravagant frais rose libellule";"<20ans 20.29ans 30.39ans amour attirance touslesjours calme optimiste seducteur chic sexy raffine intense saumon";"<20ans 20.29ans amour liberte attirance touslesjours selonhumeur imprevisible provocant sauvage seducteur determine classique extravagant sexy intense frais sucre epice animal pourpre lion";"20.29ans 30.39ans amour liberte touslesjours fier determine pointemode intense vegetal sucre epice jaune renard";"joie liberte selonhumeur calme optimiste timide insouciant enfantin classique frais fleuri sucre vanille oiseau";"20.29ans joie amour attirance touslesjours mysterieux calme seducteur pointemode sexy raffine frais sucre agrume fruite rose bambi";"20.29ans amour attirance pour.occasion.speciale mysterieux calme sauvage seducteur pointemode sexy intense sucre entetant fruite rose colombe";"20.29ans amour liberte pour.occasion.speciale mysterieux timide doux sexy intense fleuri rouge lapin";"20.29ans attirance provocant seducteur chic sexy intense sucre fruite rouge tigre";"20.29ans liberte surprise attirance pour.occasion.speciale imprevisible fier mysterieux provocant sauvage manipulateur determine chic extravagant pointemode sexy animal rose chien";"20.29ans amour surprise pour.occasion.speciale imprevisible sauvage classique pointemode entetant rouge girafe";"20.29ans amour liberte selonhumeur calme provocant timide doux classique raffine frais fleuri sucre fruite rose";"20.29ans 30.39ans 40.49ans 50.59ans amour attirance touslesjours fier calme seducteur chic pointemode raffine frais sucre vanille entetant orange lemurien";"20.29ans 30.39ans 40.49ans amour tristesse attirance selonhumeur imprevisible mysterieux calme provocant enfantin seducteur determine raffine intense frais fleuri sucre epice animal noir loutre";"30.39ans amour touslesjours calme sauvage doux sexy fruite rose chat";"<20ans 20.29ans joie amour liberte attirance touslesjours mysterieux calme optimiste timide seducteur doux chic raffine frais vegetal fleuri fruite rose colombe";"<20ans 20.29ans 30.39ans 40.49ans joie amour nostalgie attirance touslesjours mysterieux calme introverti timide enfantin seducteur doux chic sexy raffine intense frais fleuri sucre epice agrume fruite chair blanc cygne";"40.49ans surprise attirance selonhumeur imprevisible sauvage determine raffine intense vegetal boise vanille epice marron lapin";"20.29ans liberte attirance pour.occasion.speciale imprevisible mysterieux provocant sauvage seducteur doux chic pointemode sexy intense entetant animal noir panthere";"<20ans 20.29ans joie amour liberte nostalgie touslesjours imprevisible mysterieux optimiste timide enfantin doux decontracte basique frais vegetal fleuri sucre vanille fruite rose biche";"20.29ans attirance pour.occasion.speciale mysterieux calme sauvage seducteur chic sexy raffine frais fleuri epice agrume animal saumon chat";"<20ans joie amour touslesjours sauvage insouciant decontracte basique frais sucre rose lapin";"20.29ans amour attirance touslesjours mysterieux provocant seducteur sexy intense boise fruite rose lion";"<20ans 20.29ans joie amour touslesjours mysterieux calme introverti enfantin doux raffine frais vegetal fleuri fruite bleu chat";"20.29ans 30.39ans attirance touslesjours calme seducteur raffine frais vegetal fleuri rose chat";"<20ans 20.29ans joie liberte surprise imprevisible extraverti optimiste enfantin classique pointemode frais sucre agrume fruite rose papillon";"20.29ans 30.39ans amour liberte surprise attirance selonhumeur imprevisible mysterieux seducteur pointemode sexy raffine intense fleuri sucre boise vanille entetant noir leopard";"20.29ans liberte attirance touslesjours imprevisible fier provocant sauvage manipulateur enfantin seducteur chic classique frais fleuri sucre entetant animal rose chat";"20.29ans surprise attirance touslesjours mysterieux provocant timide seducteur pointemode sexy intense frais vanille rose chat";"20.29ans 30.39ans touslesjours mysterieux provocant doux pointemode intense sucre entetant rouge chat";"20.29ans 40.49ans 50.59ans amour attirance pour.occasion.speciale mysterieux calme provocant optimiste jaloux seducteur determine chic extravagant sexy basique frais fleuri boise epice fruite rose";"20.29ans 30.39ans joie liberte touslesjours mysterieux calme optimiste doux classique raffine frais vegetal fleuri fruite vert oiseau";"20.29ans liberte attirance touslesjours fier mysterieux provocant manipulateur seducteur determine chic pointemode sexy raffine intense fleuri sucre boise vanille epice animal or guepard";"40.49ans touslesjours extraverti provocant insouciant seducteur determine decontracte intense frais fleuri vanille entetant agrume animal rose cygne";"30.39ans 40.49ans amour attirance touslesjours calme optimiste seducteur doux classique raffine frais vanille agrume fruite bordeaux chien";"20.29ans 30.39ans 40.49ans amour liberte touslesjours fier calme classique pointemode frais fleuri jaune lion";"20.29ans joie amour liberte attirance touslesjours selonhumeur extraverti calme seducteur decontracte raffine frais fleuri epice fruite rose chat";"<20ans amour attirance pour.occasion.speciale calme jaloux doux frais fleuri vanille rouge gazelle";"20.29ans amour attirance touslesjours mysterieux optimiste seducteur determine pointemode frais fleuri boise agrume rose chat";"30.39ans amour liberte surprise attirance touslesjours fier manipulateur seducteur determine chic pointemode raffine intense frais fleuri boise rose cheval";"<20ans 20.29ans amour liberte surprise attirance pour.occasion.speciale imprevisible extraverti provocant seducteur chic extravagant basique sucre vanille entetant fruite beige rose felin panthere";"20.29ans 30.39ans attirance selonhumeur fier calme timide manipulateur seducteur classique raffine vegetal fleuri sucre entetant fruite noir chat";"<20ans amour surprise peur pour.occasion.speciale mysterieux calme timide doux classique basique frais vegetal fleuri blanc oiseau";"20.29ans amour liberte surprise touslesjours mysterieux enfantin seducteur doux classique pointemode intense frais fleuri agrume fruite rose chat";"<20ans 20.29ans 30.39ans touslesjours seducteur determine doux chic pointemode basique frais fleuri sucre entetant epice rose chat";"20.29ans amour liberte attirance touslesjours extraverti provocant sauvage manipulateur seducteur extravagant sexy frais fleuri agrume fruite rose hirondelle";"20.29ans 30.39ans attirance touslesjours mysterieux calme seducteur determine classique sexy frais vegetal vanille fruite rose chat";"20.29ans amour attirance touslesjours insouciant seducteur classique sexy frais fleuri sucre rose paon";"20.29ans 30.39ans joie amour nostalgie touslesjours fier extraverti seducteur chic pointemode raffine intense vanille rose";"20.29ans amour liberte attirance touslesjours provocant sauvage seducteur determine chic sexy intense fleuri entetant epice animal rouge panthere";"<20ans 20.29ans 30.39ans amour pour.occasion.speciale seducteur doux sexy frais fleuri sucre fruite rose gris cygne";"30.39ans selonhumeur fier provocant sauvage seducteur determine chic classique pointemode basique intense frais fleuri vanille fruite rouge tigre";"<20ans amour liberte touslesjours imprevisible mysterieux calme timide enfantin doux pointemode basique raffine frais sucre fruite rose flamant rose";"20.29ans 30.39ans amour liberte surprise attirance touslesjours fier mysterieux calme seducteur determine chic pointemode raffine intense frais fleuri sucre vanille epice agrume rose cygne";"20.29ans 30.39ans amour attirance pour.occasion.speciale mysterieux manipulateur seducteur determine sexy raffine intense entetant fruite animal rouge panthere";"20.29ans 30.39ans 40.49ans amour tristesse attirance selonhumeur mysterieux jaloux seducteur determine chic sexy raffine frais vegetal agrume rose chien";"30.39ans contrariete pour.occasion.speciale manipulateur seducteur determine chic classique raffine entetant animal marron panthere felin";"30.39ans 40.49ans 50.59ans >60ans joie amour liberte surprise nostalgie attirance touslesjours fier extraverti mysterieux calme provocant optimiste seducteur doux chic pointemode sexy raffine intense sucre entetant epice dore lion";"20.29ans 30.39ans 40.49ans amour tristesse attirance selonhumeur imprevisible mysterieux calme provocant enfantin seducteur determine raffine intense frais fleuri sucre epice animal noir poisson";"20.29ans 30.39ans 40.49ans 50.59ans >60ans liberte touslesjours pour.occasion.speciale selonhumeur calme doux chic classique raffine intense entetant dore chat";"20.29ans amour liberte touslesjours calme doux raffine fleuri vanille fruite rouge";"20.29ans amour surprise attirance selonhumeur imprevisible calme provocant sauvage classique decontracte basique raffine frais fleuri sucre vanille rouge lapin";"20.29ans 30.39ans 40.49ans 50.59ans nostalgie attirance touslesjours calme timide doux classique decontracte frais vegetal fleuri agrume rose pale biche";"30.39ans liberte attirance pour.occasion.speciale imprevisible fier manipulateur seducteur determine chic raffine intense entetant epice animal rouge tigre";"20.29ans amour liberte attirance touslesjours imprevisible mysterieux determine chic pointemode raffine intense frais vegetal fleuri agrume fruite rose cygne";"20.29ans attirance pour.occasion.speciale mysterieux provocant seducteur chic sexy intense fleuri sucre entetant fruite animal rouge tigre";"20.29ans joie amour touslesjours mysterieux provocant seducteur chic frais vanille epice sable dauphin";"20.29ans 30.39ans liberte attirance touslesjours mysterieux provocant seducteur determine chic pointemode intense vegetal fleuri agrume rose pale chat";"30.39ans 40.49ans 50.59ans >60ans amour attirance touslesjours imprevisible provocant optimiste seducteur chic pointemode raffine intense frais fleuri or tigre";"30.39ans liberte attirance touslesjours imprevisible determine chic raffine intense animal jaune tigre";"30.39ans 40.49ans 50.59ans >60ans tristesse nostalgie attirance touslesjours pour.occasion.speciale selonhumeur fier calme optimiste determine doux chic classique raffine intense vegetal fleuri boise epice animal dore tortue";"30.39ans 40.49ans amour surprise attirance selonhumeur fier mysterieux calme seducteur doux classique intense boise vanille epice agrume fruite dore chat";"20.29ans 30.39ans 40.49ans amour touslesjours calme determine chic raffine intense fleuri vanille rose serpent";"20.29ans 30.39ans amour liberte attirance touslesjours imprevisible fier mysterieux sauvage seducteur determine classique raffine intense vanille epice animal jaune lion";"20.29ans 30.39ans attirance touslesjours calme seducteur raffine frais vegetal fleuri rose chat";"<20ans 20.29ans joie amour attirance touslesjours mysterieux calme timide enfantin seducteur determine doux classique raffine sucre boise vanille entetant fruite rose chat";"<20ans amour surprise peur pour.occasion.speciale mysterieux calme timide doux classique basique frais vegetal fleuri blanc oiseau";"<20ans 20.29ans liberte attirance pour.occasion.speciale imprevisible fier provocant sauvage seducteur determine chic classique raffine intense vanille entetant epice or chat";"30.39ans 40.49ans joie liberte nostalgie pour.occasion.speciale mysterieux optimiste determine doux classique decontracte basique frais fleuri vanille fruite bleu chat";"20.29ans joie amour liberte nostalgie selonhumeur imprevisible mysterieux calme manipulateur insouciant raffine frais fleuri vanille fruite rose cheval";"<20ans joie amour liberte surprise selonhumeur imprevisible calme optimiste timide enfantin doux decontracte basique frais agrume fruite bleu vert oiseau";"20.29ans 30.39ans liberte contrariete nostalgie selonhumeur imprevisible mysterieux timide seducteur determine chic pointemode sexy intense boise entetant gris beige marron chat";"<20ans joie amour liberte surprise touslesjours fier extraverti optimiste enfantin seducteur classique frais vegetal fleuri sucre vanille fruite rouge lapin";"20.29ans 30.39ans 40.49ans amour nostalgie attirance pour.occasion.speciale mysterieux calme doux chic sexy frais fleuri agrume fruite rose oiseau";"20.29ans amour liberte attirance pour.occasion.speciale imprevisible fier mysterieux provocant seducteur chic pointemode raffine intense boise vanille epice or chat";"20.29ans 30.39ans liberte attirance pour.occasion.speciale mysterieux provocant seducteur chic sexy sucre vanille epice fruite rouge chat";"<20ans 20.29ans 30.39ans pour.occasion.speciale fier mysterieux calme provocant sauvage seducteur classique decontracte sexy intense frais epice animal rouge orange tigre";"<20ans 20.29ans amour attirance touslesjours extraverti provocant seducteur chic pointemode sexy frais sucre fruite rouge chat";"20.29ans 30.39ans amour surprise attirance selonhumeur mysterieux calme timide jaloux manipulateur seducteur sexy raffine intense vegetal boise entetant epice";"30.39ans joie amour liberte surprise nostalgie attirance touslesjours imprevisible fier extraverti calme provocant seducteur doux chic classique decontracte extravagant sexy intense frais vegetal fleuri sucre rouge lapin";"20.29ans 30.39ans liberte selonhumeur mysterieux provocant seducteur sexy intense frais sucre epice noir felin";"20.29ans attirance touslesjours fier provocant jaloux manipulateur seducteur determine chic sexy intense frais vegetal fleuri sucre vanille entetant epice agrume fruite noir rouge panthere noire";"20.29ans attirance touslesjours manipulateur sexy fleuri rouge noir chatte";"20.29ans 30.39ans 40.49ans surprise attirance selonhumeur fier mysterieux calme sauvage manipulateur seducteur determine chic pointemode intense entetant epice animal rose panthere";"20.29ans 30.39ans amour liberte attirance touslesjours imprevisible fier extraverti provocant insouciant enfantin seducteur determine doux chic classique pointemode raffine frais fleuri sucre fruite beige cygne";"<20ans 20.29ans amour liberte nostalgie attirance pour.occasion.speciale fier mysterieux provocant sauvage manipulateur seducteur doux chic classique sexy raffine frais vegetal fleuri sucre fruite rouge tigre"
"Shalimar";"50.59ans >60ans contrariete peur nostalgie pour.occasion.speciale fier calme jaloux determine classique boise epice animal jaune elephant";"40.49ans 50.59ans >60ans amour nostalgie attirance touslesjours fier sauvage optimiste jaloux seducteur determine chic raffine intense sucre boise entetant epice gris aigle";"40.49ans amour liberte attirance selonhumeur imprevisible fier extraverti mysterieux provocant seducteur chic sexy raffine intense boise vanille entetant epice dore lion";"20.29ans 30.39ans 40.49ans 50.59ans surprise tristesse pour.occasion.speciale mysterieux introverti seducteur doux raffine intense boise vanille epice orange guepard";"40.49ans 50.59ans >60ans nostalgie selonhumeur fier mysterieux sauvage seducteur determine classique sexy intense boise vanille entetant animal gris lynx";"40.49ans 50.59ans liberte attirance pour.occasion.speciale fier mysterieux calme determine chic raffine intense frais sucre agrume or chat";"20.29ans 30.39ans amour liberte attirance touslesjours mysterieux provocant manipulateur seducteur chic pointemode sexy intense fleuri sucre epice animal rouge cygne";"20.29ans contrariete peur touslesjours imprevisible fier calme provocant seducteur determine sexy intense entetant epice fruite animal";"30.39ans amour attirance touslesjours imprevisible provocant manipulateur seducteur determine chic raffine intense sucre vanille entetant rose panthere";"50.59ans >60ans tristesse contrariete nostalgie touslesjours selonhumeur manipulateur chic classique intense fleuri boise jaune serpent";"20.29ans surprise attirance pour.occasion.speciale extraverti provocant sauvage manipulateur seducteur determine pointemode sexy intense sucre vanille entetant epice orange lion";"30.39ans liberte attirance pour.occasion.speciale fier provocant jaloux enfantin decontracte sportwear raffine fleuri vanille rouge tigre";"20.29ans 30.39ans 40.49ans amour attirance touslesjours pour.occasion.speciale imprevisible seducteur chic classique sexy frais sucre fruite beige rose antilope";"20.29ans liberte tristesse nostalgie attirance touslesjours mysterieux provocant sauvage jaloux enfantin doux decontracte basique frais fleuri boise agrume fruite chair chat";"40.49ans 50.59ans >60ans nostalgie touslesjours calme classique intense fleuri entetant gris vache";"40.49ans 50.59ans degout touslesjours fier introverti classique intense boise entetant epice or orang-outang";"<20ans 20.29ans amour liberte nostalgie attirance touslesjours mysterieux calme timide seducteur doux chic raffine intense boise entetant epice animal jaune oiseau";"20.29ans 40.49ans joie amour liberte surprise attirance selonhumeur imprevisible fier extraverti mysterieux provocant sauvage seducteur chic extravagant sexy intense vegetal fleuri sucre entetant animal rouge chat";"<20ans 20.29ans liberte surprise attirance touslesjours extraverti insouciant enfantin seducteur doux chic sexy raffine frais fleuri sucre fruite rose poney";"20.29ans 30.39ans attirance selonhumeur imprevisible mysterieux provocant manipulateur seducteur decontracte sexy intense vanille entetant epice rouge renard";"40.49ans tristesse touslesjours fier calme classique intense boise entetant epice marron chouette";"20.29ans amour attirance touslesjours imprevisible fier calme seducteur doux chic pointemode sexy frais fleuri sucre boise agrume fruite or dauphin";"30.39ans 40.49ans liberte attirance selonhumeur fier extraverti sauvage jaloux seducteur sexy raffine intense boise entetant epice animal orange tigre";"20.29ans surprise selonhumeur extraverti provocant seducteur sexy intense sucre rouge panthere";"40.49ans 50.59ans >60ans tristesse nostalgie attirance pour.occasion.speciale selonhumeur mysterieux calme determine chic classique intense sucre boise epice gris loup";"20.29ans joie amour surprise attirance touslesjours pour.occasion.speciale mysterieux calme optimiste timide jaloux doux chic decontracte extravagant raffine intense frais vegetal boise vanille fruite";"40.49ans tristesse touslesjours mysterieux calme determine extravagant raffine noir cerf";"20.29ans joie amour liberte attirance selonhumeur optimiste insouciant chic decontracte fleuri fruite rose chat";"40.49ans 50.59ans >60ans nostalgie attirance calme manipulateur determine classique intense entetant epice jaune panthere";"30.39ans liberte attirance pour.occasion.speciale fier provocant jaloux enfantin decontracte sportwear raffine fleuri vanille rouge tigre";"20.29ans amour surprise attirance touslesjours fier mysterieux seducteur chic raffine intense entetant epice rouge hermine";"20.29ans 30.39ans amour pour.occasion.speciale jaloux seducteur sexy raffine sucre entetant rouge lion";"30.39ans touslesjours imprevisible seducteur pointemode raffine entetant jaune panthere";"40.49ans 50.59ans >60ans nostalgie touslesjours fier provocant sauvage manipulateur seducteur determine chic classique intense entetant epice animal gris hyene";"30.39ans 40.49ans attirance touslesjours mysterieux sauvage manipulateur seducteur sexy raffine agrume animal noir chienne";"30.39ans attirance pour.occasion.speciale imprevisible seducteur determine chic intense boise entetant gris jaguar";"20.29ans 30.39ans tristesse attirance pour.occasion.speciale fier mysterieux manipulateur seducteur chic pointemode raffine epice agrume noir chat";"50.59ans >60ans tristesse contrariete nostalgie touslesjours selonhumeur manipulateur chic classique intense fleuri boise jaune serpent";"20.29ans 30.39ans amour attirance pour.occasion.speciale imprevisible provocant seducteur chic pointemode sexy intense sucre entetant epice animal rouge tigre";"30.39ans 40.49ans joie amour surprise touslesjours pour.occasion.speciale selonhumeur fier extraverti mysterieux calme seducteur chic sexy raffine intense frais fleuri entetant agrume noir blanc";"20.29ans 30.39ans attirance pour.occasion.speciale mysterieux seducteur determine chic pointemode intense entetant rouge cheval";"20.29ans amour tristesse touslesjours pour.occasion.speciale timide jaloux insouciant enfantin seducteur doux chic sexy basique frais fleuri sucre vanille rouge lynx";"50.59ans >60ans attirance selonhumeur provocant sauvage seducteur chic raffine intense boise entetant epice animal noir panthere";"30.39ans amour surprise attirance touslesjours mysterieux calme seducteur determine doux sexy intense vegetal boise entetant epice rouge felin";"20.29ans 30.39ans 40.49ans liberte attirance touslesjours imprevisible extraverti sauvage seducteur determine chic pointemode sexy intense fleuri beige lion";"<20ans liberte touslesjours extraverti timide decontracte basique intense sucre entetant epice agrume bleu oiseau";"40.49ans contrariete attirance fier introverti manipulateur seducteur determine chic intense vegetal entetant epice dore chien";"<20ans 20.29ans amour surprise attirance touslesjours sauvage timide seducteur doux classique pointemode intense frais sucre entetant fruite rose mante-religieuse";"20.29ans 40.49ans tristesse contrariete nostalgie touslesjours calme introverti timide enfantin seducteur doux basique intense fleuri boise epice jaune cheval";"30.39ans tristesse attirance touslesjours mysterieux optimiste seducteur chic classique pointemode sexy raffine frais sucre vanille rose pale chat";"30.39ans liberte surprise nostalgie pour.occasion.speciale imprevisible sauvage seducteur chic sexy frais boise jaune vache";"50.59ans peur attirance calme doux classique intense vegetal entetant or chouette";"30.39ans 40.49ans tristesse contrariete nostalgie selonhumeur imprevisible mysterieux provocant manipulateur sexy intense frais boise agrume fruite jaune serpent";"40.49ans amour nostalgie touslesjours fier calme seducteur doux chic raffine intense boise entetant animal gris chat";"20.29ans 30.39ans attirance touslesjours imprevisible sauvage seducteur determine doux chic raffine intense sucre or panthere";"20.29ans 30.39ans joie liberte pour.occasion.speciale selonhumeur fier provocant manipulateur seducteur determine chic sexy intense sucre entetant epice bleu renard";"20.29ans 30.39ans attirance pour.occasion.speciale extraverti mysterieux provocant determine chic basique raffine intense frais boise marron lynx";"<20ans amour liberte pour.occasion.speciale imprevisible extraverti provocant sauvage insouciant seducteur determine pointemode fleuri vanille violet panthere";"20.29ans amour attirance selonhumeur imprevisible calme insouciant seducteur chic classique frais fleuri vanille fruite rose beige chat";"<20ans 20.29ans 30.39ans amour attirance touslesjours pour.occasion.speciale extraverti optimiste manipulateur seducteur sexy sucre vanille epice jaune guepard";"<20ans 20.29ans amour liberte selonhumeur imprevisible mysterieux provocant seducteur sexy intense sucre boise vanille entetant animal rouge panthere";"20.29ans attirance pour.occasion.speciale provocant manipulateur seducteur determine sexy intense noir panthere";"40.49ans 50.59ans >60ans nostalgie touslesjours provocant determine chic intense entetant gris tigre";"20.29ans amour attirance touslesjours imprevisible seducteur determine chic sexy intense boise entetant noir lion";"30.39ans 40.49ans degout touslesjours jaloux seducteur chic pointemode agrume fruite bleu cheval";"20.29ans amour liberte attirance selonhumeur imprevisible fier mysterieux provocant sauvage manipulateur seducteur determine sexy intense vanille violet fonce scorpion";"<20ans 20.29ans joie liberte attirance touslesjours fier seducteur determine decontracte pointemode raffine intense argente jaguar";"<20ans 20.29ans amour liberte attirance touslesjours selonhumeur imprevisible provocant sauvage seducteur determine classique extravagant sexy intense frais sucre epice animal pourpre lion";"20.29ans 30.39ans liberte selonhumeur mysterieux calme classique decontracte frais vegetal fleuri gris koala";"20.29ans amour attirance touslesjours mysterieux calme introverti optimiste timide seducteur decontracte basique vegetal fleuri sucre entetant rose aigle";"20.29ans 30.39ans 40.49ans 50.59ans joie liberte nostalgie touslesjours fier optimiste manipulateur determine classique sportwear sexy vegetal boise vanille entetant ambre poney";"30.39ans tristesse nostalgie pour.occasion.speciale fier mysterieux seducteur chic raffine intense boise entetant or aigle";"20.29ans amour liberte pour.occasion.speciale mysterieux timide doux sexy intense fleuri rouge lapin";"20.29ans attirance provocant seducteur chic sexy intense sucre fruite rouge tigre";"20.29ans liberte surprise attirance pour.occasion.speciale imprevisible fier mysterieux provocant sauvage manipulateur determine chic extravagant pointemode sexy animal rose chien";"<20ans amour surprise pour.occasion.speciale imprevisible extraverti mysterieux provocant sauvage chic classique decontracte pointemode sexy frais rose dauphin";"30.39ans attirance touslesjours imprevisible mysterieux provocant manipulateur seducteur determine chic extravagant sexy intense boise entetant epice agrume animal rouge felin";"<20ans attirance pour.occasion.speciale fier extraverti provocant sauvage seducteur extravagant intense fleuri entetant animal rouge guepard";"20.29ans 30.39ans 40.49ans amour tristesse attirance selonhumeur imprevisible mysterieux calme provocant enfantin seducteur determine raffine intense frais fleuri sucre epice animal noir loutre";"20.29ans surprise selonhumeur optimiste determine decontracte boise entetant orange cheval";"30.39ans 40.49ans 50.59ans amour liberte attirance pour.occasion.speciale fier provocant sauvage manipulateur seducteur determine chic sexy raffine intense boise entetant animal rouge panthere";"<20ans 20.29ans 30.39ans 40.49ans joie amour nostalgie attirance touslesjours mysterieux calme introverti timide enfantin seducteur doux chic sexy raffine intense frais fleuri sucre epice agrume fruite chair blanc cygne";"40.49ans surprise attirance selonhumeur imprevisible sauvage determine raffine intense vegetal boise vanille epice marron lapin";"20.29ans liberte attirance pour.occasion.speciale imprevisible mysterieux provocant sauvage seducteur doux chic pointemode sexy intense entetant animal noir panthere";"50.59ans >60ans tristesse contrariete touslesjours calme introverti classique entetant epice agrume gris herisson";"30.39ans 40.49ans 50.59ans amour attirance touslesjours imprevisible extraverti mysterieux sauvage seducteur determine doux chic pointemode raffine intense frais boise fruite or puma";"20.29ans attirance pour.occasion.speciale mysterieux provocant seducteur pointemode sexy intense epice rouge panthere";"20.29ans amour attirance touslesjours mysterieux provocant seducteur sexy intense boise fruite rose lion";"<20ans 20.29ans joie amour touslesjours mysterieux calme introverti enfantin doux raffine frais vegetal fleuri fruite bleu chat";"30.39ans 40.49ans 50.59ans amour attirance pour.occasion.speciale fier extraverti provocant sauvage manipulateur seducteur chic extravagant sexy raffine intense sucre boise vanille entetant animal jaune lion";"50.59ans >60ans degout touslesjours fier mysterieux provocant manipulateur chic raffine intense boise entetant animal marron putois";"20.29ans 30.39ans amour liberte surprise attirance selonhumeur imprevisible mysterieux seducteur pointemode sexy raffine intense fleuri sucre boise vanille entetant noir leopard";"20.29ans 30.39ans 40.49ans 50.59ans >60ans surprise contrariete touslesjours introverti optimiste manipulateur insouciant seducteur classique basique frais vegetal fleuri sucre boise vanille agrume bleu chien";"20.29ans surprise attirance touslesjours mysterieux provocant timide seducteur pointemode sexy intense frais vanille rose chat";"20.29ans 30.39ans touslesjours mysterieux provocant doux pointemode intense sucre entetant rouge chat";"20.29ans 40.49ans 50.59ans amour attirance pour.occasion.speciale mysterieux calme provocant optimiste jaloux seducteur determine chic extravagant sexy basique frais fleuri boise epice fruite rose";"20.29ans 30.39ans amour attirance pour.occasion.speciale mysterieux provocant seducteur chic classique vegetal fleuri boise vanille epice rouge felin chat";"20.29ans joie liberte attirance touslesjours extraverti provocant sauvage seducteur pointemode intense boise vanille animal bleu dauphin";"20.29ans liberte tristesse peur attirance touslesjours imprevisible mysterieux calme introverti timide manipulateur seducteur decontracte frais vegetal boise entetant fruite bleu";"40.49ans 50.59ans >60ans nostalgie attirance pour.occasion.speciale extraverti manipulateur determine chic pointemode intense sucre entetant fruite dore caniche";"20.29ans 30.39ans 40.49ans amour liberte touslesjours fier calme classique pointemode frais fleuri jaune lion";"50.59ans >60ans tristesse nostalgie touslesjours provocant manipulateur determine chic classique intense boise entetant epice dore leopard";"20.29ans amour liberte attirance touslesjours imprevisible fier extraverti provocant sauvage manipulateur seducteur extravagant pointemode sexy intense sucre boise animal bleu tigre";"30.39ans 40.49ans liberte pour.occasion.speciale fier sauvage optimiste insouciant determine chic intense sucre boise entetant agrume fruite blanc lion";"50.59ans amour nostalgie touslesjours calme timide determine chic classique raffine frais entetant epice orange lynx";"<20ans 20.29ans amour liberte surprise attirance pour.occasion.speciale imprevisible extraverti provocant seducteur chic extravagant basique sucre vanille entetant fruite beige rose felin panthere";"30.39ans amour pour.occasion.speciale imprevisible extraverti provocant manipulateur seducteur decontracte pointemode sexy raffine intense entetant rouge lion";"<20ans amour surprise peur pour.occasion.speciale mysterieux calme timide doux classique basique frais vegetal fleuri blanc oiseau";"30.39ans 40.49ans liberte attirance pour.occasion.speciale extraverti provocant sauvage manipulateur seducteur determine pointemode sexy intense vegetal sucre vanille agrume fruite rouge cougar";"30.39ans tristesse nostalgie pour.occasion.speciale mysterieux calme doux chic basique intense vanille entetant animal gris chat";"20.29ans amour liberte attirance touslesjours extraverti provocant sauvage manipulateur seducteur extravagant sexy frais fleuri agrume fruite rose hirondelle";"20.29ans 30.39ans attirance touslesjours mysterieux calme seducteur determine classique sexy frais vegetal vanille fruite rose chat";"40.49ans amour attirance pour.occasion.speciale mysterieux provocant seducteur chic intense fleuri entetant or panthere";">60ans contrariete nostalgie pour.occasion.speciale fier chic intense entetant noir putois";"20.29ans amour liberte attirance touslesjours provocant sauvage seducteur determine chic sexy intense fleuri entetant epice animal rouge panthere";"<20ans 20.29ans 30.39ans amour pour.occasion.speciale seducteur doux sexy frais fleuri sucre fruite rose gris cygne";"20.29ans 30.39ans amour degout touslesjours provocant manipulateur seducteur determine chic sexy frais fleuri fruite rouge lion";"30.39ans 40.49ans amour nostalgie touslesjours imprevisible calme sauvage seducteur chic classique intense vanille epice noir corbeau";"<20ans 20.29ans tristesse contrariete nostalgie touslesjours mysterieux calme timide classique raffine frais boise vanille animal gris loup";"30.39ans 40.49ans nostalgie pour.occasion.speciale fier mysterieux calme manipulateur determine chic classique raffine intense frais entetant epice or leopard";"20.29ans 30.39ans 40.49ans amour tristesse attirance selonhumeur mysterieux jaloux seducteur determine chic sexy raffine frais vegetal agrume rose chien";"30.39ans contrariete pour.occasion.speciale manipulateur seducteur determine chic classique raffine entetant animal marron panthere felin";"30.39ans 40.49ans 50.59ans >60ans joie amour liberte surprise nostalgie attirance touslesjours fier extraverti mysterieux calme provocant optimiste seducteur doux chic pointemode sexy raffine intense sucre entetant epice dore lion";"20.29ans 30.39ans 40.49ans amour tristesse attirance selonhumeur imprevisible mysterieux calme provocant enfantin seducteur determine raffine intense frais fleuri sucre epice animal noir poisson";"20.29ans 30.39ans 40.49ans 50.59ans >60ans liberte touslesjours pour.occasion.speciale selonhumeur calme doux chic classique raffine intense entetant dore chat";"20.29ans amour attirance touslesjours mysterieux provocant seducteur doux chic pointemode sexy raffine frais fleuri sucre vanille agrume fruite rose chat";"20.29ans amour surprise attirance selonhumeur imprevisible calme provocant sauvage classique decontracte basique raffine frais fleuri sucre vanille rouge lapin";"20.29ans 30.39ans 40.49ans 50.59ans nostalgie attirance touslesjours calme timide doux classique decontracte frais vegetal fleuri agrume rose pale biche";"30.39ans liberte attirance pour.occasion.speciale imprevisible fier manipulateur seducteur determine chic raffine intense entetant epice animal rouge tigre";"30.39ans 40.49ans amour liberte attirance touslesjours fier extraverti provocant seducteur determine chic pointemode sexy intense vegetal boise entetant epice animal bleu cerf";"20.29ans attirance pour.occasion.speciale mysterieux provocant seducteur chic sexy intense fleuri sucre entetant fruite animal rouge tigre";"40.49ans tristesse touslesjours fier calme classique intense boise entetant epice marron chouette";"30.39ans 40.49ans tristesse nostalgie touslesjours calme classique intense boise epice jaune coccinelle";"30.39ans 40.49ans 50.59ans >60ans amour attirance touslesjours imprevisible provocant optimiste seducteur chic pointemode raffine intense frais fleuri or tigre";"20.29ans amour attirance touslesjours imprevisible extraverti provocant seducteur classique sexy intense frais fleuri vanille bleu gazelle biche";"20.29ans 30.39ans 40.49ans joie liberte surprise selonhumeur imprevisible extraverti provocant sauvage manipulateur enfantin seducteur determine decontracte extravagant sportwear sexy basique intense sucre vanille entetant fruite animal bleu electrique tigre";"30.39ans 40.49ans amour surprise attirance selonhumeur fier mysterieux calme seducteur doux classique intense boise vanille epice agrume fruite dore chat";"20.29ans 30.39ans 40.49ans amour touslesjours calme determine chic raffine intense fleuri vanille rose serpent";"20.29ans 30.39ans 40.49ans amour liberte touslesjours imprevisible fier mysterieux sauvage seducteur classique pointemode intense vegetal fleuri vanille fruite jaune tigre";"30.39ans 40.49ans 50.59ans amour attirance pour.occasion.speciale fier extraverti provocant sauvage manipulateur seducteur chic extravagant sexy raffine intense sucre boise vanille entetant animal jaune lion";"20.29ans 30.39ans liberte selonhumeur imprevisible fier sauvage determine chic sexy intense boise vanille entetant epice animal or tigre";"<20ans amour surprise peur pour.occasion.speciale mysterieux calme timide doux classique basique frais vegetal fleuri blanc oiseau";"<20ans 20.29ans liberte attirance pour.occasion.speciale imprevisible fier provocant sauvage seducteur determine chic classique raffine intense vanille entetant epice or chat";"20.29ans amour liberte surprise attirance touslesjours imprevisible extraverti provocant seducteur chic pointemode sexy intense frais sucre epice animal violet panthere";"20.29ans joie amour liberte nostalgie selonhumeur imprevisible mysterieux calme manipulateur insouciant raffine frais fleuri vanille fruite rose cheval";"20.29ans liberte attirance touslesjours mysterieux provocant sauvage manipulateur seducteur chic raffine intense fleuri sucre rouge serpent tigresse";"20.29ans 30.39ans liberte contrariete nostalgie selonhumeur imprevisible mysterieux timide seducteur determine chic pointemode sexy intense boise entetant gris beige marron chat";"20.29ans amour attirance pour.occasion.speciale imprevisible extraverti mysterieux sauvage optimiste seducteur determine pointemode sexy intense frais vegetal fleuri boise entetant animal noir chat";"<20ans 20.29ans liberte nostalgie attirance mysterieux calme sauvage timide seducteur decontracte sexy frais vegetal fleuri fruite vert cerf";"contrariete touslesjours calme introverti classique boise caramel camel couleuvre";"40.49ans 50.59ans surprise touslesjours fier determine classique raffine boise vanille entetant brun lion";"<20ans 20.29ans 30.39ans pour.occasion.speciale fier mysterieux calme provocant sauvage seducteur classique decontracte sexy intense frais epice animal rouge orange tigre";"<20ans 20.29ans amour attirance touslesjours extraverti provocant seducteur chic pointemode sexy frais sucre fruite rouge chat";"20.29ans 30.39ans amour surprise attirance selonhumeur mysterieux calme timide jaloux manipulateur seducteur sexy raffine intense vegetal boise entetant epice";"30.39ans joie amour liberte surprise nostalgie attirance touslesjours imprevisible fier extraverti calme provocant seducteur doux chic classique decontracte extravagant sexy intense frais vegetal fleuri sucre rouge lapin";"20.29ans 30.39ans liberte selonhumeur mysterieux provocant seducteur sexy intense frais sucre epice noir felin";"20.29ans attirance touslesjours fier provocant jaloux manipulateur seducteur determine chic sexy intense frais vegetal fleuri sucre vanille entetant epice agrume fruite noir rouge panthere noire";"20.29ans attirance touslesjours manipulateur sexy fleuri rouge noir chatte";"20.29ans 30.39ans 40.49ans surprise attirance selonhumeur fier mysterieux calme sauvage manipulateur seducteur determine chic pointemode intense entetant epice animal rose panthere";"40.49ans 50.59ans tristesse contrariete nostalgie touslesjours mysterieux calme doux raffine intense vanille entetant epice animal gris chat";"<20ans 20.29ans amour liberte nostalgie attirance pour.occasion.speciale fier mysterieux provocant sauvage manipulateur seducteur doux chic classique sexy raffine frais vegetal fleuri sucre fruite rouge tigre"
"Tresor";"50.59ans >60ans contrariete peur nostalgie pour.occasion.speciale fier calme jaloux determine classique boise epice animal jaune elephant";"40.49ans 50.59ans >60ans amour nostalgie attirance touslesjours fier sauvage optimiste jaloux seducteur determine chic raffine intense sucre boise entetant epice gris aigle";"30.39ans 40.49ans 50.59ans amour touslesjours fier seducteur chic classique basique intense boise entetant dore chien";"30.39ans touslesjours fier calme determine chic raffine intense boise vanille epice dore lion";"30.39ans 40.49ans joie attirance selonhumeur fier calme provocant optimiste seducteur doux chic classique pointemode sexy frais vegetal entetant agrume fruite or jaune hirondelle";"30.39ans 40.49ans joie amour liberte nostalgie touslesjours fier calme optimiste determine doux basique raffine frais vegetal fleuri fruite orange ours";"40.49ans liberte nostalgie touslesjours fier timide determine chic classique raffine vegetal boise epice jaune singe";"20.29ans liberte touslesjours imprevisible fier extraverti mysterieux provocant sauvage seducteur determine sexy raffine intense sucre entetant fruite animal jaune guepard";"30.39ans amour attirance touslesjours imprevisible provocant manipulateur seducteur determine chic raffine intense sucre vanille entetant rose panthere";"50.59ans >60ans tristesse contrariete nostalgie touslesjours selonhumeur manipulateur chic classique intense fleuri boise jaune serpent";"40.49ans amour liberte tristesse nostalgie touslesjours mysterieux calme introverti timide doux chic classique frais vegetal gris oiseau";"20.29ans liberte attirance touslesjours mysterieux calme optimiste determine doux chic raffine frais fleuri entetant or lion";"20.29ans 30.39ans 40.49ans amour attirance touslesjours pour.occasion.speciale imprevisible seducteur chic classique sexy frais sucre fruite beige rose antilope";"<20ans liberte nostalgie touslesjours mysterieux calme introverti doux raffine fleuri rouge cerf";"<20ans 20.29ans 30.39ans surprise attirance pour.occasion.speciale imprevisible extraverti provocant seducteur determine sexy intense frais fleuri vanille epice fruite noir panthere";"40.49ans 50.59ans degout touslesjours fier introverti classique intense boise entetant epice or orang-outang";"50.59ans >60ans liberte degout touslesjours fier extraverti calme manipulateur determine chic classique boise entetant epice animal or chien";"30.39ans 40.49ans amour attirance pour.occasion.speciale fier mysterieux sauvage manipulateur seducteur determine chic classique raffine intense boise entetant epice animal argent cheval";"<20ans 20.29ans liberte surprise attirance touslesjours extraverti insouciant enfantin seducteur doux chic sexy raffine frais fleuri sucre fruite rose poney";"30.39ans 40.49ans 50.59ans >60ans attirance pour.occasion.speciale fier provocant seducteur determine chic pointemode basique intense boise vanille entetant epice beige lion";"40.49ans tristesse touslesjours fier calme classique intense boise entetant epice marron chouette";"20.29ans liberte contrariete touslesjours fier calme optimiste doux decontracte pointemode intense vegetal epice agrume bleu cheval";"20.29ans 30.39ans joie liberte surprise touslesjours imprevisible fier provocant determine chic pointemode intense vegetal fleuri vanille rose paon";"30.39ans attirance touslesjours fier mysterieux calme determine chic pointemode raffine frais fleuri blanc lion";"20.29ans 30.39ans liberte nostalgie touslesjours selonhumeur fier mysterieux manipulateur seducteur determine chic sexy raffine intense sucre vanille orange lion";"20.29ans joie amour surprise attirance touslesjours pour.occasion.speciale mysterieux calme optimiste timide jaloux doux chic decontracte extravagant raffine intense frais vegetal boise vanille fruite";"20.29ans joie selonhumeur mysterieux calme provocant seducteur pointemode sexy fleuri rouge chat";"30.39ans liberte touslesjours imprevisible mysterieux determine chic raffine vegetal boise bleu-violet cygne";"40.49ans 50.59ans >60ans nostalgie attirance calme manipulateur determine classique intense entetant epice jaune panthere";"20.29ans liberte attirance touslesjours mysterieux calme optimiste determine doux chic raffine frais fleuri entetant or lion";"20.29ans amour surprise attirance touslesjours fier mysterieux seducteur chic raffine intense entetant epice rouge hermine";"20.29ans attirance selonhumeur imprevisible fier mysterieux seducteur chic raffine intense frais vanille rouge tigre";"30.39ans touslesjours imprevisible seducteur pointemode raffine entetant jaune panthere";"<20ans 20.29ans joie amour liberte attirance touslesjours mysterieux calme optimiste timide insouciant enfantin seducteur doux chic basique raffine frais vegetal fleuri sucre vanille fruite rose chat";"30.39ans 40.49ans attirance touslesjours mysterieux sauvage manipulateur seducteur sexy raffine agrume animal noir chienne";"20.29ans 30.39ans joie touslesjours fier mysterieux seducteur chic raffine intense fleuri boise entetant brun chat";"30.39ans 40.49ans attirance pour.occasion.speciale calme introverti determine chic raffine intense frais epice agrume jaune leopard";"50.59ans >60ans tristesse contrariete nostalgie touslesjours selonhumeur manipulateur chic classique intense fleuri boise jaune serpent";"<20ans 20.29ans joie liberte touslesjours selonhumeur imprevisible fier provocant optimiste insouciant doux classique decontracte pointemode raffine intense frais fleuri boise entetant agrume rose oiseau";"30.39ans 40.49ans joie amour surprise touslesjours pour.occasion.speciale selonhumeur fier extraverti mysterieux calme seducteur chic sexy raffine intense frais fleuri entetant agrume noir blanc";"40.49ans 50.59ans nostalgie touslesjours fier manipulateur basique vanille epice noir chat";"20.29ans 30.39ans joie liberte touslesjours calme optimiste insouciant doux classique raffine intense vanille fruite rouge chat";"20.29ans 30.39ans joie liberte pour.occasion.speciale mysterieux calme timide insouciant doux chic raffine intense fleuri sucre rose oiseau";"30.39ans amour surprise attirance touslesjours mysterieux calme seducteur determine doux sexy intense vegetal boise entetant epice rouge felin";"30.39ans liberte surprise touslesjours selonhumeur mysterieux seducteur determine chic pointemode intense frais vegetal noir panthere";"30.39ans amour liberte attirance touslesjours mysterieux provocant optimiste seducteur determine chic pointemode sexy intense fleuri sucre entetant animal or felin";"40.49ans amour liberte nostalgie attirance touslesjours imprevisible fier calme timide insouciant enfantin doux chic classique fleuri sucre vanillecre cheval";"20.29ans 30.39ans 40.49ans joie liberte nostalgie selonhumeur mysterieux introverti timide enfantin classique decontracte frais vegetal fleuri blanc oiseau";"20.29ans 40.49ans tristesse contrariete nostalgie touslesjours calme introverti timide enfantin seducteur doux basique intense fleuri boise epice jaune cheval";"30.39ans tristesse attirance touslesjours mysterieux optimiste seducteur chic classique pointemode sexy raffine frais sucre vanille rose pale chat";"20.29ans amour liberte touslesjours fier calme seducteur determine chic sexy raffine frais vegetal boise noir brebis";"30.39ans amour liberte attirance pour.occasion.speciale fier mysterieux optimiste seducteur determine chic sexy raffine intense boise animal beige loup";"20.29ans 30.39ans joie amour nostalgie attirance touslesjours imprevisible mysterieux calme seducteur doux raffine vegetal fleuri boise vanille agrume rose dauphin";"40.49ans liberte contrariete touslesjours fier mysterieux provocant determine classique sexy raffine intense boise entetant animal or panthere";"30.39ans 40.49ans 50.59ans >60ans attirance touslesjours fier calme seducteur chic classique raffine intense frais boise beige louve";"20.29ans 30.39ans joie amour liberte touslesjours pour.occasion.speciale fier calme seducteur determine chic pointemode raffine intense frais fleuri agrume rose chien";"20.29ans 30.39ans joie pour.occasion.speciale calme optimiste doux chic pointemode raffine intense frais entetant agrume or renard";"40.49ans nostalgie touslesjours calme provocant determine chic intense boise entetant rouge cygne";"30.39ans 40.49ans amour liberte touslesjours calme optimiste determine chic classique raffine intense vegetal fleuri jaune rose aigle";"30.39ans nostalgie pour.occasion.speciale imprevisible fier mysterieux introverti doux chic raffine fleuri rose chat";"30.39ans 40.49ans attirance touslesjours fier determine chic classique raffine frais vegetal fleuri bleu coq";"30.39ans attirance touslesjours seducteur doux classique intense fleuri epice agrume fruite rose chouette";"<20ans 20.29ans 30.39ans 40.49ans joie amour liberte peur attirance touslesjours mysterieux calme enfantin seducteur doux chic sexy raffine frais vegetal fleuri sucre fruite bleu flamant";"<20ans 20.29ans amour attirance touslesjours timide seducteur determine doux chic classique decontracte pointemode sexy raffine intense frais fleuri fruite rose sauterelle";"30.39ans peur touslesjours imprevisible fier introverti chic pointemode vegetal entetant noir panthere";"40.49ans joie amour touslesjours extraverti optimiste doux pointemode raffine frais vegetal sucre beige jument";"<20ans 20.29ans 30.39ans amour attirance touslesjours calme optimiste seducteur chic sexy raffine intense saumon";"20.29ans 30.39ans 40.49ans amour liberte attirance touslesjours selonhumeur mysterieux introverti optimiste seducteur doux chic decontracte pointemode sexy raffine frais vegetal fleuri sucre entetant fruite or coquille saint jacques";"<20ans 20.29ans surprise attirance pour.occasion.speciale mysterieux calme introverti timide doux chic raffine intense vanille fruite blanc oiseau";"30.39ans joie attirance fier calme manipulateur seducteur determine chic raffine intense sucre fruite rouge panthere";"20.29ans 30.39ans 40.49ans 50.59ans joie liberte nostalgie touslesjours fier optimiste manipulateur determine classique sportwear sexy vegetal boise vanille entetant ambre poney";"20.29ans amour attirance pour.occasion.speciale mysterieux calme sauvage seducteur sexy intense sucre entetant fruite rose colombe";"30.39ans surprise pour.occasion.speciale mysterieux basique intense orange lion";"30.39ans amour attirance pour.occasion.speciale fier calme seducteur chic intense animal jaune chat";"40.49ans amour liberte nostalgie pour.occasion.speciale fier mysterieux calme optimiste doux classique frais rouge tigre";"<20ans 40.49ans joie liberte nostalgie pour.occasion.speciale imprevisible determine doux chic decontracte basique vegetal jaune requin";"20.29ans 30.39ans 40.49ans liberte pour.occasion.speciale mysterieux calme doux chic raffine frais vanille epice fruite noir";"20.29ans 30.39ans 40.49ans 50.59ans amour attirance touslesjours fier calme seducteur chic pointemode raffine frais sucre vanille entetant orange lemurien";"30.39ans amour attirance touslesjours fier mysterieux calme seducteur doux chic classique basique raffine frais fleuri sucre vanille agrume fruite rose orange";"20.29ans surprise selonhumeur optimiste determine decontracte boise entetant orange cheval";"50.59ans >60ans amour nostalgie touslesjours calme optimiste seducteur doux chic classique intense vegetal fleuri epice bleu chien";"<20ans 20.29ans 30.39ans 40.49ans joie amour nostalgie attirance touslesjours mysterieux calme introverti timide enfantin seducteur doux chic sexy raffine intense frais fleuri sucre epice agrume fruite chair blanc cygne";"20.29ans joie liberte nostalgie touslesjours imprevisible fier mysterieux provocant sauvage determine basique frais entetant epice fruite vert gazelle";"30.39ans 40.49ans 50.59ans liberte nostalgie attirance touslesjours imprevisible provocant determine chic raffine intense entetant rouge lionne";"20.29ans 30.39ans 40.49ans joie amour attirance touslesjours mysterieux calme timide seducteur doux chic pointemode raffine frais vegetal fleuri boise vanille vert chat";"20.29ans attirance pour.occasion.speciale mysterieux calme sauvage seducteur chic sexy raffine frais fleuri epice agrume animal saumon chat";"<20ans joie amour touslesjours sauvage insouciant decontracte basique frais sucre rose lapin";"40.49ans tristesse nostalgie touslesjours mysterieux calme classique basique frais fleuri sucre agrume gris cheval";"20.29ans 30.39ans 40.49ans amour liberte attirance touslesjours extraverti sauvage seducteur classique pointemode intense entetant epice animal jaune cheval";"20.29ans 30.39ans attirance touslesjours calme seducteur raffine frais vegetal fleuri rose chat";"30.39ans 40.49ans joie amour pour.occasion.speciale calme optimiste determine doux raffine intense frais fleuri vanille jaune chat";"<20ans 20.29ans amour attirance touslesjours calme optimiste seducteur determine doux chic sexy basique intense frais fleuri sucre boise vanille fruite rose pigeon";"20.29ans 30.39ans 40.49ans 50.59ans >60ans surprise contrariete touslesjours introverti optimiste manipulateur insouciant seducteur classique basique frais vegetal fleuri sucre boise vanille agrume bleu chien";"30.39ans attirance pour.occasion.speciale manipulateur seducteur determine decontracte sexy intense entetant rouge lion";"20.29ans optimiste seducteur doux chic intense frais fleuri sucre vanille fruite violet panthere";"20.29ans 40.49ans 50.59ans amour attirance pour.occasion.speciale mysterieux calme provocant optimiste jaloux seducteur determine chic extravagant sexy basique frais fleuri boise epice fruite rose";"20.29ans 30.39ans joie liberte touslesjours mysterieux calme optimiste doux classique raffine frais vegetal fleuri fruite vert oiseau";"40.49ans amour touslesjours calme jaloux seducteur doux chic classique raffine intense entetant agrume fruite animal rouge aigle";"40.49ans touslesjours extraverti insouciant seducteur determine decontracte intense frais fleuri vanille entetant agrume animal rose cygne";"30.39ans 40.49ans amour attirance touslesjours calme optimiste seducteur doux classique raffine frais vanille agrume fruite bordeaux chien";"20.29ans 30.39ans 40.49ans amour liberte touslesjours fier calme classique pointemode frais fleuri jaune lion";"30.39ans 40.49ans amour liberte attirance touslesjours fier optimiste jaloux seducteur classique intense boise entetant epice jaune rouge lion";"40.49ans contrariete nostalgie selonhumeur fier mysterieux determine chic raffine agrume noir cafard";"20.29ans amour attirance touslesjours mysterieux optimiste seducteur determine pointemode frais fleuri boise agrume rose chat";"30.39ans amour liberte surprise attirance touslesjours fier manipulateur seducteur determine chic pointemode raffine intense frais fleuri boise rose cheval";"40.49ans 50.59ans >60ans touslesjours calme timide doux chic raffine intense vegetal entetant epice animal orange chat";"30.39ans 40.49ans contrariete nostalgie touslesjours fier mysterieux calme introverti jaloux seducteur determine classique pointemode raffine frais vegetal boise vanille jaune pie";"<20ans amour surprise peur pour.occasion.speciale mysterieux calme timide doux classique basique frais vegetal fleuri blanc oiseau";"20.29ans amour liberte surprise touslesjours mysterieux enfantin seducteur doux classique pointemode intense frais fleuri agrume fruite rose chat";"<20ans 20.29ans 30.39ans touslesjours seducteur determine doux chic pointemode basique frais fleuri sucre entetant epice rose chat";"40.49ans joie surprise nostalgie touslesjours fier determine doux chic intense vegetal boise vanille jaune chat";"30.39ans joie liberte attirance pour.occasion.speciale imprevisible fier extraverti sauvage chic sexy raffine intense fleuri sucre entetant noir panthere";"40.49ans amour attirance touslesjours seducteur determine chic extravagant pointemode intense fleuri entetant or lionne";"20.29ans 30.39ans joie amour nostalgie touslesjours fier extraverti seducteur chic pointemode raffine intense vanille rose";"30.39ans 40.49ans joie liberte selonhumeur calme optimiste determine chic classique frais vegetal fleuri fruite noir chat";"20.29ans 30.39ans 40.49ans joie amour pour.occasion.speciale mysterieux calme seducteur classique raffine frais fleuri sucre boise noir jaune leopard tigre";"30.39ans selonhumeur fier provocant sauvage seducteur determine chic classique pointemode basique intense frais fleuri vanille fruite rouge tigre";"20.29ans attirance pour.occasion.speciale fier manipulateur seducteur extravagant intense sucre epice gris chat";"20.29ans 30.39ans amour liberte surprise attirance touslesjours fier mysterieux calme seducteur determine chic pointemode raffine intense frais fleuri sucre vanille epice agrume rose cygne";"30.39ans 40.49ans nostalgie pour.occasion.speciale fier mysterieux calme manipulateur determine chic classique raffine intense frais entetant epice or leopard";"20.29ans 30.39ans 40.49ans amour tristesse attirance selonhumeur mysterieux jaloux seducteur determine chic sexy raffine frais vegetal agrume rose chien";"30.39ans contrariete pour.occasion.speciale manipulateur seducteur determine chic classique raffine entetant animal marron panthere felin";"30.39ans 40.49ans 50.59ans >60ans joie amour liberte surprise nostalgie attirance touslesjours fier extraverti mysterieux calme provocant optimiste seducteur doux chic pointemode sexy raffine intense sucre entetant epice dore lion";"30.39ans amour attirance touslesjours fier mysterieux calme seducteur doux chic classique basique raffine frais fleuri sucre vanille agrume fruite rose orange";"20.29ans 30.39ans 40.49ans 50.59ans >60ans liberte touslesjours pour.occasion.speciale selonhumeur calme doux chic classique raffine intense entetant dore chat";"30.39ans contrariete touslesjours manipulateur seducteur chic intense entetant animal beige loup";"<20ans joie amour tristesse attirance pour.occasion.speciale mysterieux calme sauvage optimiste timide jaloux determine chic classique decontracte basique frais fleuri sucre epice fruite vert cerf";"20.29ans 30.39ans 40.49ans 50.59ans nostalgie attirance touslesjours calme timide doux classique decontracte frais vegetal fleuri agrume rose pale biche";"30.39ans amour nostalgie attirance selonhumeur mysterieux calme determine classique raffine intense frais vegetal vanille agrume noir lion";"20.29ans amour liberte attirance touslesjours imprevisible mysterieux determine chic pointemode raffine intense frais vegetal fleuri agrume fruite rose cygne";"20.29ans attirance pour.occasion.speciale mysterieux provocant seducteur chic sexy intense fleuri sucre entetant fruite animal rouge tigre";"40.49ans tristesse touslesjours fier calme classique intense boise entetant epice marron chouette";"30.39ans 40.49ans tristesse nostalgie touslesjours calme classique intense boise epice jaune coccinelle";"30.39ans 40.49ans 50.59ans >60ans amour attirance touslesjours imprevisible provocant optimiste seducteur chic pointemode raffine intense frais fleuri or tigre";"30.39ans liberte attirance touslesjours imprevisible determine chic raffine intense animal jaune tigre";"20.29ans 30.39ans 40.49ans joie liberte surprise selonhumeur imprevisible extraverti provocant sauvage manipulateur enfantin seducteur determine decontracte extravagant sportwear sexy basique intense sucre vanille entetant fruite animal bleu electrique tigre";"30.39ans 40.49ans amour surprise attirance selonhumeur fier mysterieux calme seducteur doux classique intense boise vanille epice agrume fruite dore chat";"30.39ans 40.49ans 50.59ans liberte nostalgie touslesjours calme determine chic raffine fleuri boise or chien chat";"20.29ans 30.39ans amour liberte attirance touslesjours imprevisible fier mysterieux sauvage seducteur determine classique raffine intense vanille epice animal jaune lion";"20.29ans 30.39ans attirance touslesjours calme seducteur raffine frais vegetal fleuri rose chat";"30.39ans 40.49ans amour mysterieux calme introverti timide seducteur doux raffine frais vegetal fleuri sucre vanille Blanc cameleon";"<20ans amour surprise peur pour.occasion.speciale mysterieux calme timide doux classique basique frais vegetal fleuri blanc oiseau";"20.29ans 30.39ans 40.49ans 50.59ans >60ans liberte nostalgie touslesjours mysterieux calme introverti doux decontracte basique intense fleuri boise epice animal vert tortue";"30.39ans 40.49ans joie liberte nostalgie pour.occasion.speciale mysterieux optimiste determine doux classique decontracte basique frais fleuri vanille fruite bleu chat";"20.29ans joie amour liberte nostalgie selonhumeur imprevisible mysterieux calme manipulateur insouciant raffine frais fleuri vanille fruite rose cheval";"30.39ans amour attirance pour.occasion.speciale fier determine extravagant pointemode intense boise epice animal violet lion";"20.29ans 30.39ans liberte contrariete nostalgie selonhumeur imprevisible mysterieux timide seducteur determine chic pointemode sexy intense boise entetant gris beige marron chat";"40.49ans degout peur nostalgie touslesjours calme jaloux insouciant determine classique intense frais boise vanille entetant epice jaune singe";"20.29ans 30.39ans 40.49ans amour nostalgie attirance pour.occasion.speciale mysterieux calme doux chic sexy frais fleuri agrume fruite rose oiseau";"40.49ans tristesse touslesjours timide insouciant decontracte frais agrume rose libellule";"40.49ans 50.59ans surprise touslesjours fier determine classique raffine boise vanille entetant brun lion";"20.29ans 30.39ans 40.49ans 50.59ans touslesjours mysterieux calme seducteur doux classique decontracte basique frais vegetal fleuri vanille agrume fruite blanc chat";"<20ans 20.29ans amour attirance touslesjours extraverti provocant seducteur chic pointemode sexy frais sucre fruite rouge chat";"20.29ans 30.39ans amour surprise attirance selonhumeur mysterieux calme timide jaloux manipulateur seducteur sexy raffine intense vegetal boise entetant epice";"30.39ans joie amour liberte surprise attirance touslesjours imprevisible fier calme provocant seducteur doux chic classique pointemode sexy raffine intense frais fleuri sucre vanille rose chat";"30.39ans 40.49ans liberte attirance pour.occasion.speciale fier seducteur determine chic classique intense fruite or";"20.29ans attirance touslesjours fier provocant jaloux manipulateur seducteur determine chic sexy intense frais vegetal fleuri sucre vanille entetant epice agrume fruite noir rouge panthere noire";"20.29ans attirance touslesjours manipulateur sexy fleuri rouge noir chatte";"30.39ans 40.49ans 50.59ans >60ans liberte nostalgie attirance touslesjours mysterieux calme introverti sauvage timide determine chic raffine intense fleuri vanille beige chat";"20.29ans 30.39ans amour liberte attirance touslesjours imprevisible fier extraverti provocant insouciant enfantin seducteur determine doux chic classique pointemode raffine frais fleuri sucre fruite beige cygne";"20.29ans 30.39ans touslesjours fier mysterieux provocant introverti seducteur determine extravagant sportwear frais boise vanille noir serpent"
